0.1525
0.176
0.207
0.2255
0.2415
0.2565
0.2625
0.2745
0.2855
0.2885
0.295
0.301
0.311
0.32
0.321
0.334
0.3275
0.337
0.347
0.3435
0.3465
0.357
0.3545
0.352
0.37
0.367
0.3695
0.378
0.368
0.3765
0.3725
0.38
0.3815
0.394
0.3875
0.386
0.388
0.391
0.388
0.3915
0.4035
0.404
0.407
0.4125
0.4175
0.4115
0.411
0.4125
0.4185
0.4165
0.4175
0.413
0.434
0.4295
0.4225
0.4315
0.4235
0.4245
0.426
0.4275
0.436
0.4305
0.438
0.4375
0.4355
0.432
0.4315
0.438
0.4365
0.44
0.44
0.444
0.432
0.4335
0.4445
0.445
0.4385
0.4425
0.447
0.4525
0.444
0.444
0.45
0.4475
0.4485
0.4555
0.449
0.4545
0.4575
0.4545
0.461
0.4565
0.453
0.4515
0.4625
0.4665
0.459
0.463
0.472
0.4615
0.458
0.4735
0.4675
0.4605
0.47
0.4685
0.4695
0.4655
0.4685
0.4735
0.469
0.4675
0.478
0.4845
0.4685
0.468
0.483
0.4855
0.475
0.4855
0.4795
0.483
0.4735
0.4775
0.4765
0.4815
0.4765
0.4775
0.4755
0.49
0.4825
0.4905
0.488
0.49
0.483
0.4915
0.4955
0.5005
0.493
0.487
0.494
0.494
0.4845
0.5
0.4935
0.492
0.497
0.5035
0.492
0.4925
0.499
0.504
0.5045
0.502
0.499
0.503
0.494
0.5065
0.493
0.501
0.4985
0.5
0.4905
0.5015
0.4905
0.5015
0.506
0.5045
0.507
0.518
0.5055
0.5005
0.5015
0.5035
0.5005
0.5115
0.509
0.5115
0.5095
0.5205
0.509
0.5135
0.504
0.508
0.514
0.509
0.5135
0.5125
0.506
0.519
0.505
0.514
0.511
0.514
0.5095
0.5235
0.511
0.5245
0.522
0.517
0.525
0.523
0.524
0.5205
0.5265
0.5165
0.5275
0.527
0.5305
0.531
0.518
0.5255
0.532
0.532
0.5265
0.5335
0.5275
0.5355
0.532
0.5325
0.5345
0.53
0.539
0.5345
0.537
0.5425
0.536
0.5435
0.537
0.5435
0.541
0.5425
0.5395
0.5385
0.5535
0.5415
0.5415
0.537
0.548
0.5415
0.54
0.547
0.557
0.5475
0.55
0.539
0.5435
0.5465
0.553
0.555
0.56
0.5575
0.5535
0.5645
0.5515
0.5445
0.5465
0.5525
0.5525
0.5555
0.5585
0.565
0.559
0.547
0.5465
0.5525
0.557
0.557
0.56
0.557
0.5575
0.5695
0.5585
0.5625
0.5615
0.5715
0.571
0.558
0.57
0.57
0.5685
0.558
0.562
0.572
0.568
0.5695
0.5705
0.562
0.565
0.5765
0.559
0.5685
0.5695
0.58
0.5795
0.5735
0.585
0.5795
0.574
0.574
0.5785
0.5685
0.5825
0.578
0.5685
0.579
0.579
0.59
0.5675
0.5735
0.5755
0.5765
0.582
0.59
0.5775
0.587
0.594
0.58
0.584
0.581
0.5985
0.5885
0.5815
0.586
0.597
0.585
0.5825
0.585
0.592
0.5895
0.5945
0.5895
0.5915
0.5865
0.59
0.5905
0.5945
0.6005
0.583
0.5855
0.593
0.58
0.5965
0.599
0.598
0.594
0.5995
0.5955
0.6025
0.6035
0.5875
0.6025
0.597
0.6045
0.601
0.614
0.6095
0.601
0.595
0.5995
0.6025
0.608
0.5995
0.6045
0.6175
0.6115
0.608
0.612
0.601
0.609
0.6
0.606
0.6125
0.608
0.6105
0.6145
0.607
0.6075
0.6215
0.611
0.622
0.6075
0.6115
0.627
0.6215
0.61
0.6195
0.607
0.6195
0.612
0.6185
0.6195
0.628
0.615
0.6135
0.6235
0.6265
0.6155
0.6265
0.609
0.62
0.625
0.632
0.628
0.6265
0.6275
0.614
0.6295
0.629
0.623
0.6285
0.617
0.6235
0.624
0.6265
0.6275
0.6175
0.6295
0.6335
0.636
0.6235
0.636
0.6305
0.6355
0.6285
0.621
0.6315
0.6335
0.6325
0.63
0.6335
0.635
0.6385
0.632
0.634
0.6375
0.629
0.6375
0.6415
0.636
0.6545
0.6435
0.6445
0.6415
0.6415
0.6385
0.642
0.65
0.652
0.64
0.655
0.642
0.6495
0.6485
0.6495
0.651
0.6575
0.647
0.6475
0.659
0.662
0.6555
0.648
0.6555
0.658
0.6525
0.65
0.6515
0.655
0.6615
0.6485
0.661
0.6595
0.652
0.662
0.659
0.654
0.655
0.66
0.6605
0.6435
0.6535
0.66
0.6685
0.669
0.6655
0.669
0.6685
0.6555
0.6655
0.66
0.6645
0.665
0.648
0.665
0.659
0.6705
0.665
0.6785
0.6755
0.673
0.6705
0.6735
0.6715
0.6765
0.6615
0.6695
0.6725
0.6755
0.668
0.666
0.666
0.6655
0.6695
0.67
0.6705
0.6595
0.6675
0.668
0.6765
0.6675
0.6705
0.68
0.678
0.674
0.6735
0.6785
0.679
0.678
0.6775
0.6775
0.682
0.683
0.6765
0.6815
0.681
0.6775
0.678
0.6945
0.69
0.676
0.6685
0.6815
0.6885
0.6885
0.678
0.675
0.694
0.686
0.6765
0.6845
0.686
0.684
0.6835
0.686
0.6885
0.688
0.6765
0.6915
0.687
0.6765
0.687
0.6835
0.691
0.686
0.695
0.684
0.682
0.704
0.694
0.6915
0.6955
0.6875
0.689
0.698
0.6975
0.6965
0.6955
0.691
0.692
0.694
0.7015
0.6955
0.697
0.6915
0.696
0.696
0.6955
0.705
0.6995
0.6985
0.703
0.6885
0.7005
0.702
0.6975
0.697
0.7015
0.6975
0.7185
0.7075
0.706
0.6995
0.7035
0.7085
0.7
0.699
0.7
0.697
0.7075
0.7165
0.7105
0.7
0.712
0.7035
0.7125
0.708
0.7095
0.709
0.708
0.703
0.719
0.707
0.709
0.706
0.7185
0.708
0.71
0.701
0.7185
0.7165
0.7185
0.6975
0.716
0.7115
0.697
0.6995
0.7155
0.712
0.711
0.7075
0.7095
0.7055
0.696
0.6995
0.7035
0.6965
0.7025
0.7115
0.713
0.71
0.7165
0.718
0.703
0.705
0.707
0.703
0.709
0.711
0.706
0.708
0.71
0.7085
0.718
0.7135
0.7195
0.715
0.7215
0.7225
0.718
0.721
0.717
0.719
0.7155
0.7135
0.709
0.7165
0.726
0.7125
0.712
0.6965
0.723
0.715
0.7165
0.715
0.7205
0.7285
0.708
0.7145
0.7125
0.7325
0.708
0.719
0.713
0.726
0.7165
0.723
0.7225
0.7225
0.709
0.724
0.718
0.724
0.7215
0.715
0.7225
0.724
0.721
0.726
0.727
0.726
0.732
0.734
0.7225
0.731
0.7235
0.7305
0.7245
0.731
0.7275
0.727
0.7295
0.732
0.7235
0.73
0.717
0.728
0.734
0.742
0.724
0.74
0.732
0.7395
0.729
0.7175
0.735
0.7245
0.729
0.7355
0.735
0.731
0.729
0.727
0.735
0.73
0.738
0.733
0.7205
0.737
0.7285
0.7355
0.7265
0.733
0.7245
0.7295
0.7235
0.7355
0.7315
0.734
0.7315
0.7325
0.7315
0.735
0.724
0.7325
0.73
0.7245
0.732
0.7315
0.736
0.718
0.727
0.731
0.7345
0.737
0.73
0.7305
0.733
0.727
0.738
0.729
0.732
0.7315
0.724
0.7195
0.73
0.7285
0.7215
0.7265
0.7335
0.729
0.719
0.7275
0.725
0.722
0.7355
0.7265
0.7365
0.7345
0.726
0.735
0.738
0.732
0.724
0.7255
0.737
0.729
0.728
0.727
0.716
0.734
0.7325
0.718
0.74
0.7355
0.745
0.726
0.733
0.733
0.7265
0.732
0.73
0.73
0.7265
0.7315
0.733
0.728
0.728
0.739
0.725
0.728
0.7375
0.7325
0.7285
0.748
0.7325
0.743
0.736
0.742
0.7345
0.75
0.7325
0.731
0.7365
0.7355
0.7455
0.7515
0.742
0.745
0.7415
0.7465
0.7355
0.7365
0.7385
0.737
0.742
0.7425
0.744
0.733
0.7295
0.7475
0.7465
0.7505
0.7475
0.7425
0.7425
0.728
0.7445
0.7375
0.7425
0.7565
0.7505
0.741
0.7575
0.7535
0.75
0.742
0.7495
0.7425
0.741
0.7555
0.742
0.7455
0.745
0.749
0.7485
0.759
0.7555
0.756
0.751
0.7575
0.753
0.76
0.752
0.7635
0.7465
0.7565
0.7575
0.753
0.7635
0.757
0.7595
0.7625
0.749
0.769
0.7625
0.7565
0.7575
0.7555
0.761
0.7615
0.7695
0.7535
0.7665
0.7665
0.761
0.763
0.763
0.7635
0.752
0.7615
0.766
0.753
0.767
0.7525
0.7535
0.7675
0.7585
0.758
0.756
0.766
0.753
0.7525
0.7645
0.7575
0.7705
0.7605
0.7515
0.7585
0.7645
0.7545
0.755
0.7615
0.7555
0.7735
0.7575
0.7605
0.7615
0.764
0.7695
0.7725
0.7645
0.766
0.7685
0.7615
0.771
0.77
0.764
0.7675
0.772
0.7655
0.764
0.771
0.7505
0.7645
0.764
0.7765
0.774
0.766
0.7705
0.768
0.764
0.769
0.768
0.774
0.7735
0.784
0.7595
0.7675
0.768
0.773
0.7675
0.7695
0.769
0.7665
0.765
0.772
0.766
0.7625
0.775
0.773
0.7685
0.769
0.7655
0.7665
0.7555
0.766
0.7695
0.7625
0.7695
