0.1355
0.1675
0.189
0.2155
0.2365
0.2495
0.261
0.2695
0.2815
0.289
0.299
0.3135
0.3125
0.324
0.3225
0.328
0.3365
0.34
0.342
0.343
0.3625
0.364
0.36
0.362
0.369
0.3695
0.374
0.3725
0.3825
0.3755
0.377
0.379
0.392
0.382
0.377
0.3845
0.39
0.392
0.394
0.3875
0.3975
0.394
0.3925
0.401
0.4035
0.4055
0.398
0.4085
0.4095
0.405
0.414
0.406
0.4045
0.403
0.4125
0.4125
0.4135
0.414
0.414
0.4245
0.429
0.4265
0.419
0.419
0.417
0.4285
0.4255
0.426
0.423
0.4195
0.4245
0.435
0.4345
0.4265
0.4375
0.4285
0.4375
0.4365
0.4395
0.4295
0.437
0.442
0.4375
0.4355
0.438
0.443
0.443
0.4465
0.439
0.4425
0.438
0.446
0.4425
0.454
0.449
0.4515
0.443
0.4525
0.4505
0.451
0.457
0.4625
0.4565
0.4585
0.4525
0.456
0.4625
0.463
0.471
0.4645
0.463
0.4645
0.467
0.467
0.464
0.4615
0.468
0.47
0.4585
0.471
0.476
0.472
0.465
0.4555
0.4595
0.468
0.465
0.4755
0.4705
0.476
0.472
0.471
0.4715
0.467
0.479
0.4835
0.4725
0.479
0.485
0.474
0.4915
0.4845
0.476
0.4835
0.4805
0.487
0.493
0.489
0.4845
0.494
0.485
0.488
0.49
0.495
0.4955
0.4995
0.4985
0.4875
0.502
0.496
0.5025
0.502
0.503
0.496
0.5045
0.4975
0.495
0.501
0.499
0.502
0.4945
0.507
0.5045
0.5015
0.512
0.498
0.512
0.508
0.497
0.5085
0.5115
0.514
0.514
0.5155
0.512
0.516
0.5065
0.5095
0.512
0.5065
0.514
0.509
0.513
0.5225
0.5215
0.5155
0.51
0.511
0.512
0.511
0.5165
0.5165
0.5165
0.5245
0.525
0.5145
0.5095
0.521
0.5285
0.5305
0.5275
0.525
0.519
0.517
0.523
0.526
0.532
0.525
0.5315
0.533
0.5295
0.53
0.5255
0.532
0.5305
0.541
0.5345
0.536
0.5305
0.5325
0.5345
0.5325
0.5365
0.5305
0.5305
0.5375
0.5385
0.5315
0.55
0.538
0.546
0.5425
0.54
0.5455
0.5415
0.5475
0.547
0.547
0.5485
0.554
0.541
0.5475
0.557
0.548
0.547
0.558
0.557
0.556
0.5515
0.5465
0.545
0.5575
0.548
0.5485
0.559
0.558
0.5575
0.556
0.5615
0.5555
0.554
0.5595
0.5645
0.5595
0.554
0.565
0.561
0.5545
0.564
0.563
0.56
0.569
0.5665
0.5805
0.5675
0.5685
0.567
0.562
0.5685
0.5725
0.572
0.556
0.5725
0.5715
0.5645
0.5745
0.573
0.5695
0.5725
0.567
0.5725
0.5695
0.5635
0.571
0.566
0.5705
0.5725
0.582
0.5805
0.5655
0.576
0.5845
0.5685
0.5735
0.5715
0.5815
0.5715
0.5735
0.575
0.5675
0.5755
0.5955
0.578
0.5725
0.5805
0.591
0.5785
0.5865
0.591
0.5905
0.5835
0.5915
0.5975
0.595
0.587
0.5995
0.5895
0.5815
0.593
0.592
0.5835
0.5865
0.581
0.588
0.602
0.5885
0.5865
0.5915
0.5945
0.604
0.592
0.6
0.609
0.59
0.5915
0.5925
0.594
0.5955
0.5955
0.599
0.5995
0.603
0.5925
0.599
0.5955
0.5965
0.597
0.596
0.6075
0.598
0.6115
0.5945
0.5995
0.604
0.604
0.599
0.59
0.6
0.604
0.6045
0.5975
0.605
0.604
0.5975
0.6135
0.6095
0.606
0.613
0.604
0.6095
0.607
0.6055
0.6025
0.6055
0.615
0.6035
0.6045
0.605
0.61
0.6055
0.6095
0.621
0.614
0.6035
0.613
0.615
0.6095
0.6175
0.62
0.614
0.619
0.616
0.622
0.614
0.613
0.616
0.627
0.624
0.612
0.618
0.613
0.628
0.6205
0.6105
0.6165
0.6155
0.6105
0.6275
0.6305
0.6195
0.619
0.6225
0.6305
0.619
0.626
0.6225
0.63
0.621
0.6275
0.6195
0.6225
0.6225
0.6255
0.62
0.622
0.6305
0.6335
0.626
0.627
0.632
0.62
0.6235
0.623
0.6225
0.6275
0.6215
0.622
0.6275
0.626
0.6245
0.6325
0.626
0.6315
0.645
0.615
0.6315
0.635
0.6275
0.629
0.623
0.6305
0.63
0.6285
0.629
0.6275
0.636
0.633
0.641
0.6385
0.6325
0.6465
0.6485
0.6405
0.64
0.6325
0.6405
0.637
0.643
0.6325
0.6385
0.6385
0.6405
0.631
0.6385
0.639
0.639
0.6455
0.6415
0.64
0.658
0.6415
0.631
0.6565
0.636
0.649
0.65
0.647
0.6405
0.654
0.644
0.6425
0.646
0.6485
0.6505
0.6465
0.6455
0.652
0.6435
0.6385
0.649
0.648
0.6465
0.644
0.6465
0.6565
0.652
0.653
0.6555
0.647
0.649
0.6445
0.6455
0.65
0.6505
0.6585
0.654
0.6505
0.6475
0.643
0.6535
0.6555
0.6485
0.6505
0.6475
0.6515
0.6525
0.6665
0.663
0.657
0.662
0.6645
0.6605
0.6655
0.674
0.663
0.662
0.665
0.6715
0.6765
0.6555
0.6485
0.667
0.666
0.6705
0.661
0.66
0.659
0.6685
0.666
0.6615
0.6685
0.6665
0.6625
0.6675
0.6705
0.657
0.675
0.666
0.668
0.6765
0.6705
0.6685
0.676
0.6725
0.6825
0.6775
0.676
0.672
0.676
0.669
0.6795
0.666
0.68
0.674
0.669
0.671
0.6695
0.67
0.681
0.6765
0.6815
0.681
0.6855
0.6785
0.684
0.689
0.676
0.689
0.686
0.6765
0.6695
0.6775
0.68
0.6795
0.676
0.6855
0.6855
0.6855
0.676
0.6845
0.6815
0.694
0.6805
0.691
0.6885
0.683
0.683
0.6885
0.6795
0.688
0.6875
0.6785
0.6835
0.6795
0.6855
0.6805
0.682
0.686
0.68
0.6735
0.6915
0.684
0.673
0.68
0.6895
0.6835
0.685
0.673
0.683
0.686
0.681
0.6725
0.6705
0.691
0.6875
0.681
0.68
0.688
0.684
0.6815
0.682
0.6755
0.6775
0.6795
0.683
0.684
0.6865
0.687
0.684
0.6905
0.685
0.684
0.688
0.6865
0.6795
0.682
0.68
0.703
0.6985
0.686
0.687
0.689
0.6945
0.693
0.675
0.684
0.6935
0.688
0.694
0.698
0.699
0.701
0.692
0.6885
0.695
0.691
0.7
0.6855
0.6985
0.691
0.6925
0.7015
0.675
0.6945
0.7085
0.6895
0.7035
0.7015
0.7035
0.7065
0.6995
0.704
0.7065
0.702
0.707
0.716
0.6985
0.707
0.6985
0.6975
0.706
0.7075
0.7065
0.6995
0.7025
0.709
0.706
0.7055
0.704
0.696
0.6965
0.7085
0.7085
0.7035
0.7085
0.704
0.712
0.7135
0.706
0.725
0.7135
0.7145
0.7095
0.706
0.71
0.711
0.7085
0.7185
0.7155
0.7175
0.7185
0.71
0.714
0.7125
0.7075
0.7135
0.715
0.71
0.7185
0.7195
0.7125
0.7175
0.7215
0.717
0.7125
0.73
0.722
0.721
0.707
0.7245
0.718
0.706
0.705
0.7285
0.719
0.719
0.7195
0.714
0.712
0.7185
0.719
0.7205
0.716
0.7205
0.724
0.718
0.7065
0.7135
0.715
0.724
0.725
0.723
0.711
0.719
0.726
0.729
0.729
0.718
0.7165
0.721
0.705
0.729
0.7275
0.7245
0.7195
0.7235
0.718
0.729
0.73
0.732
0.726
0.725
0.73
0.722
0.731
0.7305
0.724
0.726
0.7185
0.729
0.729
0.7195
0.726
0.719
0.7225
0.725
0.727
0.7275
0.727
0.734
0.7315
0.7275
0.7335
0.733
0.735
0.7235
0.7205
0.736
0.738
0.727
0.729
0.729
0.7285
0.7425
0.7335
0.7305
0.7335
0.7395
0.722
0.7335
0.721
0.7245
0.7345
0.7335
0.7255
0.736
0.7315
0.738
0.736
0.739
0.7285
0.7405
0.741
0.7445
0.7345
0.746
0.734
0.7325
0.727
0.733
0.744
0.7385
0.727
0.725
0.7445
0.7435
0.75
0.718
0.7435
0.7315
0.74
0.7365
0.7315
0.7425
0.737
0.741
0.735
0.7385
0.741
0.737
0.741
0.739
0.7485
0.7465
0.735
0.7365
0.735
0.7475
0.741
0.744
0.746
0.748
0.742
0.7425
0.7405
0.735
0.7335
0.7325
0.738
0.737
0.742
0.7425
0.7415
0.7405
0.734
0.7475
0.7475
0.746
0.744
0.744
0.7415
0.7445
0.7395
0.749
0.739
0.746
0.741
0.743
0.7375
0.7415
0.7405
0.732
0.743
0.738
0.746
0.748
0.7505
0.744
0.738
0.7405
0.742
0.7355
0.734
0.7465
0.7465
0.7345
0.7335
0.749
0.7455
0.7355
0.7415
0.7435
0.7425
0.7485
0.7465
0.737
0.7315
0.739
0.75
0.735
0.748
0.743
0.744
0.736
0.735
0.737
0.736
0.735
0.7355
0.7395
0.734
0.7315
0.7355
0.7335
0.732
0.7435
0.742
0.7215
0.728
0.745
0.739
0.7365
0.741
0.7485
0.7505
0.747
0.745
0.747
0.736
0.743
0.7515
0.75
0.741
0.742
0.741
0.742
0.7415
0.7355
0.7435
0.744
