0.103
0.1055
0.095
0.0965
0.1005
0.102
0.0945
0.1065
0.0995
0.4185
0.251
0.1795
0.1285
0.1055
0.095
0.092
0.0935
0.118
0.142
0.1935
0.1825
0.1725
0.1725
0.164
0.1685
0.156
0.1575
0.1645
0.162
0.165
0.142
0.162
0.1565
0.1625
0.1665
0.168
0.174
0.169
0.1865
0.18
0.1935
0.165
0.1655
0.1805
0.185
0.1865
0.1825
0.186
0.1895
0.187
0.182
0.1655
0.1805
0.1925
0.1935
0.2065
0.1995
0.204
0.2045
0.2095
0.204
0.2105
0.207
0.196
0.2095
0.226
0.205
0.2095
0.222
0.222
0.2115
0.2265
0.211
0.228
0.2305
0.224
0.2475
0.244
0.235
0.245
0.235
0.24
0.253
0.2485
0.266
0.2565
0.263
0.2575
0.272
0.263
0.274
0.275
0.2975
0.2685
0.2775
0.292
0.288
0.2915
0.309
0.2925
0.301
0.3075
0.311
0.313
0.3075
0.291
0.303
0.3265
0.318
0.339
0.3335
0.3465
0.331
0.3255
0.326
0.343
0.354
0.343
0.3525
0.36
0.3605
0.3645
0.3665
0.379
0.3785
0.375
0.384
0.387
0.3885
0.385
0.3875
0.3955
0.406
0.407
0.4095
0.419
0.4315
0.436
0.422
0.4165
0.435
0.4375
0.4325
0.4455
0.443
0.46
0.4675
0.4695
0.48
0.4865
0.49
0.484
0.4825
0.4855
0.4965
0.4855
0.4825
0.4825
0.487
0.5055
0.5185
0.5215
0.5145
0.5255
0.52
0.533
0.513
0.517
0.528
0.522
0.5275
0.534
0.529
0.5315
0.5345
0.5495
0.554
0.546
0.559
0.5675
0.5685
0.5645
0.5635
0.5635
0.5685
0.5705
0.5745
0.563
0.5735
0.583
0.591
0.588
0.6005
0.6005
0.606
0.597
0.6065
0.6035
0.602
0.612
0.6065
0.605
0.6065
0.605
0.6015
0.6145
0.6025
0.6155
0.626
0.6245
0.6215
0.6145
0.628
0.63
0.626
0.632
0.6395
0.64
0.6375
0.634
0.637
0.6395
0.6455
0.6455
0.645
0.6485
0.6515
0.6555
0.6605
0.665
0.665
0.6675
0.67
0.6765
0.673
0.672
0.6735
0.676
0.678
0.68
0.686
0.6855
0.6875
0.687
0.6895
0.6865
0.694
0.695
0.6975
0.702
0.699
0.702
0.705
0.7095
0.71
0.705
0.712
0.7185
0.712
0.7155
0.718
0.717
0.71
0.714
0.72
0.7235
0.722
0.723
0.72
0.725
0.7215
0.721
0.7205
0.7185
0.732
0.734
0.734
0.7345
0.728
0.7265
0.7345
0.736
0.74
0.7425
0.738
0.739
0.732
0.7375
0.737
0.7325
0.7265
0.729
0.732
0.7365
0.74
0.742
0.748
0.7465
0.7515
0.7445
0.744
0.7455
0.745
0.747
0.7505
0.7515
0.7495
0.746
0.7485
0.7425
0.7465
0.755
0.7535
0.751
0.748
0.747
0.7515
0.752
0.7445
0.749
0.7555
0.7585
0.759
0.7675
0.769
0.7635
0.7635
0.769
0.7665
0.769
0.7645
0.766
0.765
0.767
0.7685
0.7635
0.76
0.7625
0.766
0.7655
0.768
0.7645
0.7605
0.761
0.7645
0.77
0.768
0.768
0.767
0.766
0.77
0.7715
0.7705
0.773
0.774
0.773
0.774
0.7775
0.7745
0.7795
0.781
0.7805
0.775
0.78
0.7755
0.773
0.7755
0.7735
0.7785
0.773
0.7805
0.7815
0.7835
0.7875
0.788
0.785
0.781
0.781
0.781
0.7825
0.7825
0.783
0.784
0.788
0.783
0.7865
0.7835
0.787
0.7865
0.788
0.787
0.789
0.7905
0.787
0.7835
0.784
0.7815
0.7855
0.785
0.782
0.7895
0.7925
0.79
0.7935
0.789
0.7905
0.7915
0.7905
0.793
0.789
0.7925
0.789
0.791
0.791
0.7965
0.797
0.7965
0.8
0.8045
0.8085
0.804
0.805
0.804
0.802
0.8015
0.8055
0.805
0.804
0.8
0.798
0.798
0.798
0.8025
0.8015
0.799
0.8
0.801
0.8015
0.7985
0.8035
0.8015
0.802
0.807
0.8055
0.806
0.8075
0.81
0.806
0.808
0.8065
0.808
0.807
0.808
0.8105
0.8085
0.8065
0.81
0.8075
0.804
0.806
0.808
0.8065
0.807
0.809
0.8095
0.8055
0.8065
0.8125
0.8095
0.808
0.8145
0.811
0.8105
0.8115
0.808
0.808
0.8075
0.8115
0.8115
0.814
0.8165
0.8125
0.818
0.818
0.8185
0.8165
0.8185
0.8185
0.8155
0.818
0.8175
0.816
0.815
0.818
0.817
0.8165
0.8215
0.8205
0.8195
0.82
0.82
0.82
0.8205
0.8225
0.822
0.82
0.824
0.82
0.8185
0.82
0.8165
0.816
0.816
0.818
0.815
0.8145
0.8155
0.8185
0.819
0.821
0.8225
0.8205
0.8195
0.821
0.82
0.8215
0.8215
0.8205
0.821
0.8215
0.817
0.818
0.816
0.821
0.8235
0.8215
0.822
0.8225
0.8245
0.826
0.8235
0.8235
0.823
0.823
0.819
0.821
0.8225
0.8255
0.827
0.8295
0.8285
0.828
0.8235
0.825
0.824
0.8225
0.8225
0.8225
0.823
0.821
0.823
0.819
0.818
0.8145
0.812
0.813
0.817
0.8155
0.815
0.8165
0.8185
0.821
0.821
0.8175
0.819
0.821
0.82
0.819
0.822
0.82
0.824
0.8235
0.821
0.823
0.8215
0.8195
0.8215
0.823
0.8225
0.8275
0.824
0.823
0.824
0.8245
0.828
0.8265
0.826
0.8255
0.825
0.825
0.831
0.8325
0.8305
0.8315
0.831
0.831
0.8325
0.8355
0.833
0.8335
0.8325
0.8315
0.8325
0.829
0.8275
0.8275
0.8315
0.833
0.834
0.833
0.832
0.8325
0.833
0.8345
0.8325
0.8335
0.8345
0.832
0.834
0.8335
0.836
0.838
0.839
0.838
0.8365
0.8335
0.8375
0.8385
0.838
0.839
0.8365
0.8395
0.839
0.8395
0.8405
0.8405
0.841
0.839
0.841
0.842
0.843
0.8425
0.842
0.841
0.8405
0.8395
0.8425
0.841
0.8405
0.8415
0.84
0.8375
0.839
0.838
0.836
0.838
0.839
0.8405
0.84
0.8415
0.8435
0.842
0.8415
0.84
0.841
0.842
0.8415
0.8385
0.835
0.8375
0.8385
0.844
0.84
0.8415
0.843
0.841
0.8415
0.841
0.8415
0.8425
0.8435
0.8455
0.8455
0.8415
0.8405
0.8415
0.8445
0.844
0.845
0.845
0.8445
0.8455
0.846
0.8465
0.8445
0.845
0.845
0.8485
0.8495
0.8505
0.849
0.852
0.853
0.853
0.8555
0.857
0.8565
0.859
0.8575
0.858
0.8575
0.8555
0.857
0.855
0.854
0.8525
0.8535
0.854
0.8525
0.8515
0.855
0.8535
0.8555
0.8545
0.8515
0.854
0.853
0.853
0.854
0.8525
0.853
0.8525
0.854
0.8545
0.8555
0.8565
0.8565
0.8575
0.857
0.8555
0.8565
0.8555
0.8535
0.8565
0.857
0.856
0.855
0.854
0.8555
0.855
0.855
0.8545
0.8515
0.85
0.85
0.8505
0.8505
0.8535
0.8525
0.8545
0.854
0.8545
0.852
0.8505
0.85
0.851
0.8535
0.856
0.853
0.856
0.857
0.857
0.8555
0.8585
0.857
0.8565
0.8565
0.8595
0.8615
0.8605
0.858
0.86
0.8585
0.859
0.857
0.859
0.858
0.8575
0.86
0.858
0.86
0.862
0.8605
0.861
0.861
0.862
0.8635
0.8625
0.8605
0.8605
0.8595
0.8605
0.8595
0.8615
0.8585
0.8605
0.8615
0.8625
0.862
0.8625
0.8625
0.8615
0.8625
0.8605
0.862
0.866
0.866
0.867
0.8655
0.8655
0.8635
0.8645
0.8625
0.8615
0.86
0.86
0.8625
0.8625
0.8625
0.861
0.861
0.861
0.862
0.8635
0.8635
0.8625
0.8645
0.865
0.865
0.8645
0.8655
0.866
0.866
0.867
0.866
0.865
0.867
0.8685
0.868
0.869
0.866
0.8655
0.87
0.8665
0.867
0.866
0.865
0.8675
0.865
0.866
0.8635
0.864
0.863
0.863
0.86
0.8605
0.86
0.861
0.86
0.8595
0.8625
0.8605
0.8625
0.861
0.8595
0.8595
0.861
0.8645
0.8625
0.8625
0.8635
0.862
0.8615
0.861
0.8625
0.8615
0.8605
0.861
0.8615
0.862
0.8625
0.862
0.863
0.862
0.8615
0.861
0.8625
0.862
0.861
0.863
0.862
0.861
0.8615
0.862
0.863
0.8595
0.861
0.861
0.8605
0.859
0.8605
0.8625
0.8655
0.8645
0.865
0.8625
0.8615
0.8605
0.8595
0.8605
0.862
0.861
0.862
0.8635
0.866
0.8655
0.8635
0.865
0.8655
0.862
0.861
0.8615
0.863
0.8625
0.863
0.8645
0.863
0.8625
0.8615
0.8625
0.8615
0.862
0.861
0.8605
0.8605
0.8605
0.86
0.8595
0.861
0.856
0.8575
0.8575
0.8575
0.8565
0.8595
0.86
0.861
0.8615
0.862
0.86
0.8605
0.859
0.8605
0.8605
0.86
0.858
0.8575
0.857
0.858
0.8595
0.8575
0.857
0.8565
0.858
0.86
0.8605
0.862
0.8635
0.8625
0.863
0.8615
0.863
0.863
0.864
0.8625
0.863
0.8625
0.8625
0.8615
0.8635
