0.1415
0.1815
0.2095
0.234
0.2515
0.2665
0.2835
0.2865
0.301
0.308
0.3145
0.3205
0.3325
0.329
0.338
0.3395
0.349
0.3535
0.344
0.3625
0.3525
0.356
0.36
0.3635
0.3575
0.371
0.364
0.376
0.376
0.3795
0.377
0.378
0.3825
0.3875
0.3895
0.3835
0.381
0.392
0.385
0.387
0.3905
0.396
0.3995
0.4005
0.4015
0.4105
0.4075
0.4095
0.41
0.414
0.404
0.416
0.417
0.4165
0.421
0.406
0.41
0.415
0.4235
0.424
0.4165
0.419
0.4215
0.425
0.415
0.425
0.4255
0.415
0.428
0.433
0.4225
0.425
0.435
0.433
0.437
0.434
0.4365
0.4315
0.433
0.444
0.443
0.447
0.4435
0.4485
0.441
0.4435
0.4385
0.4555
0.45
0.4475
0.4515
0.451
0.4585
0.4495
0.4545
0.45
0.45
0.4575
0.4525
0.457
0.455
0.456
0.4655
0.4625
0.4675
0.4585
0.4635
0.464
0.4775
0.476
0.464
0.473
0.468
0.4765
0.4875
0.472
0.4705
0.4795
0.482
0.4745
0.483
0.4725
0.4665
0.4805
0.481
0.4805
0.4785
0.484
0.4825
0.4865
0.489
0.487
0.495
0.488
0.488
0.4865
0.4935
0.4885
0.502
0.4885
0.5055
0.502
0.495
0.495
0.498
0.4925
0.497
0.489
0.494
0.5025
0.488
0.4995
0.4905
0.4975
0.5115
0.501
0.4965
0.5015
0.5065
0.5025
0.5045
0.5085
0.4985
0.5065
0.5065
0.5125
0.511
0.506
0.505
0.506
0.517
0.5185
0.515
0.509
0.518
0.5125
0.5145
0.518
0.5085
0.5165
0.5055
0.5115
0.5305
0.5065
0.523
0.526
0.519
0.5175
0.5295
0.52
0.5175
0.52
0.506
0.522
0.519
0.5215
0.522
0.532
0.524
0.513
0.5365
0.534
0.525
0.528
0.521
0.5305
0.537
0.551
0.5295
0.5345
0.535
0.5165
0.5355
0.5425
0.5305
0.532
0.539
0.5355
0.5285
0.5395
0.536
0.5435
0.545
0.535
0.5455
0.5435
0.5475
0.5425
0.5455
0.543
0.534
0.547
0.533
0.541
0.551
0.5505
0.5475
0.549
0.54
0.545
0.56
0.5405
0.559
0.547
0.5535
0.547
0.551
0.5515
0.553
0.554
0.562
0.5435
0.5595
0.556
0.556
0.5575
0.5595
0.5545
0.563
0.555
0.5615
0.5615
0.566
0.5595
0.566
0.557
0.5635
0.565
0.5655
0.5695
0.5635
0.5535
0.5595
0.5635
0.5575
0.57
0.5675
0.5725
0.566
0.566
0.5725
0.5715
0.5645
0.562
0.571
0.566
0.577
0.569
0.57
0.5665
0.5685
0.5675
0.568
0.564
0.58
0.5785
0.5775
0.579
0.5805
0.585
0.5755
0.582
0.5865
0.577
0.5735
0.5755
0.5735
0.581
0.576
0.575
0.575
0.581
0.5805
0.579
0.5915
0.5765
0.589
0.591
0.586
0.59
0.583
0.589
0.59
0.5915
0.585
0.5835
0.583
0.5855
0.59
0.5875
0.577
0.57
0.594
0.5815
0.591
0.591
0.589
0.588
0.594
0.5785
0.583
0.5965
0.5945
0.584
0.597
0.5935
0.5835
0.595
0.5865
0.5925
0.614
0.598
0.5925
0.594
0.6085
0.5955
0.6005
0.599
0.6
0.605
0.5985
0.5985
0.6115
0.5975
0.599
0.5965
0.605
0.611
0.603
0.6065
0.6075
0.6045
0.623
0.6045
0.614
0.614
0.607
0.6135
0.6125
0.613
0.611
0.611
0.616
0.616
0.6155
0.6175
0.6225
0.6065
0.6165
0.618
0.6215
0.626
0.6105
0.6245
0.6195
0.609
0.6235
0.622
0.611
0.614
0.6135
0.622
0.6245
0.622
0.6115
0.6305
0.624
0.6325
0.617
0.6205
0.6235
0.62
0.624
0.622
0.6255
0.616
0.63
0.621
0.6235
0.62
0.6385
0.631
0.6355
0.632
0.632
0.628
0.6325
0.6295
0.63
0.6325
0.6325
0.6285
0.648
0.6425
0.632
0.641
0.642
0.637
0.632
0.629
0.635
0.638
0.641
0.6375
0.642
0.6405
0.639
0.6435
0.6395
0.6385
0.643
0.64
0.6475
0.637
0.649
0.644
0.632
0.638
0.6365
0.651
0.6375
0.651
0.6435
0.639
0.6385
0.6405
0.654
0.6515
0.6535
0.645
0.6435
0.6575
0.659
0.6465
0.644
0.644
0.653
0.653
0.6525
0.666
0.6615
0.652
0.6535
0.651
0.6565
0.661
0.6535
0.6585
0.653
0.6595
0.6615
0.6555
0.6665
0.6475
0.651
0.669
0.6595
0.6635
0.6625
0.6635
0.671
0.666
0.669
0.6615
0.666
0.659
0.6625
0.6785
0.6635
0.6725
0.6795
0.673
0.6775
0.6795
0.664
0.6715
0.671
0.678
0.676
0.678
0.667
0.679
0.6615
0.6855
0.669
0.6745
0.673
0.6635
0.671
0.674
0.6845
0.6725
0.6845
0.685
0.6775
0.6785
0.6705
0.685
0.683
0.6835
0.6855
0.6835
0.683
0.6845
0.679
0.6845
0.688
0.68
0.6855
0.6875
0.6765
0.688
0.677
0.688
0.692
0.684
0.678
0.6865
0.6915
0.6785
0.69
0.6895
0.686
0.6895
0.6935
0.687
0.6855
0.6895
0.705
0.6975
0.692
0.696
0.686
0.693
0.7015
0.6845
0.6975
0.6965
0.698
0.706
0.699
0.7015
0.705
0.6985
0.702
0.7085
0.694
0.698
0.6895
0.7025
0.7005
0.6925
0.6825
0.702
0.701
0.688
0.696
0.7045
0.698
0.704
0.704
0.7095
0.7045
0.706
0.6905
0.7045
0.7105
0.7105
0.714
0.708
0.702
0.704
0.703
0.7025
0.703
0.6995
0.711
0.716
0.706
0.6985
0.706
0.698
0.712
0.7075
0.711
0.705
0.714
0.703
0.702
0.707
0.705
0.7085
0.707
0.7135
0.714
0.7095
0.704
0.7095
0.7175
0.7185
0.7145
0.708
0.714
0.7135
0.719
0.72
0.7185
0.725
0.712
0.7145
0.717
0.7145
0.7115
0.717
0.715
0.71
0.724
0.7155
0.726
0.7275
0.7225
0.7175
0.7275
0.726
0.73
0.7315
0.7125
0.7165
0.724
0.718
0.7225
0.715
0.7115
0.7085
0.726
0.727
0.7285
0.719
0.726
0.7215
0.7205
0.723
0.7185
0.725
0.7255
0.733
0.7305
0.7245
0.717
0.7295
0.7325
0.7285
0.735
0.7285
0.7345
0.7285
0.7395
0.7355
0.738
0.7305
0.736
0.729
0.7335
0.7335
0.7405
0.734
0.721
0.7415
0.7335
0.7325
0.7345
0.7335
0.744
0.736
0.747
0.7335
0.746
0.746
0.749
0.7465
0.7315
0.738
0.737
0.757
0.747
0.7525
0.7575
0.742
0.763
0.7495
0.748
0.739
0.7415
0.7425
0.733
0.7475
0.737
0.749
0.7495
0.731
0.728
0.7335
0.7415
0.746
0.743
0.7305
0.745
0.7435
0.74
0.7385
0.73
0.739
0.747
0.7475
0.7405
0.745
0.745
0.7615
0.7465
0.754
0.7465
0.754
0.7525
0.7395
0.75
0.754
0.7485
0.7455
0.7535
0.741
0.754
0.757
0.748
0.7525
0.745
0.753
0.7585
0.7555
0.7475
0.7485
0.753
0.7505
0.747
0.7565
0.759
0.749
0.755
0.754
0.7555
0.7455
0.7615
0.7505
0.7495
0.746
0.746
0.751
0.7515
0.744
0.753
0.756
0.746
0.7415
0.7555
0.754
0.753
0.757
0.7495
0.751
0.748
0.749
0.762
0.7505
0.748
0.7605
0.749
0.7495
0.758
0.746
0.737
0.7485
0.7485
0.7575
0.7505
0.746
0.742
0.7545
0.759
0.7665
0.7515
0.7515
0.7485
0.756
0.753
0.7565
0.761
0.7525
0.756
0.759
0.7505
0.7395
0.7595
0.7535
0.745
0.758
0.768
0.764
0.768
0.752
0.7515
0.7555
0.7615
0.7615
0.7625
0.7545
0.7585
0.758
0.76
0.761
0.7535
0.762
0.7515
0.765
0.7595
0.762
0.7515
0.766
0.761
0.7695
0.756
0.7665
0.7565
0.7545
0.76
0.7595
0.761
0.753
0.7595
0.7685
0.7635
0.7685
0.7615
0.765
0.7575
0.759
0.753
0.7675
0.7755
0.7705
0.77
0.774
0.763
0.7645
0.7635
0.7635
0.764
0.7655
0.7695
0.7715
0.767
0.764
0.7685
0.76
0.759
0.7685
0.77
0.761
0.769
0.7625
0.7675
0.767
0.7575
0.761
0.775
0.757
0.77
0.7675
0.7635
0.7705
0.756
0.7685
0.7605
0.7705
0.7535
0.76
0.7735
0.7645
0.758
0.7675
0.768
0.7715
0.7705
0.767
0.7665
0.7695
0.7505
0.77
0.7725
0.7755
0.7575
0.768
0.7655
0.7775
0.7635
0.774
0.7585
0.7725
0.7655
0.757
0.7755
0.772
0.773
0.767
0.7525
0.76
0.7585
0.7665
0.768
0.76
0.7605
0.7625
0.7685
0.775
0.7785
0.7665
0.773
0.762
0.766
0.7645
0.779
0.7675
0.7675
0.77
0.777
0.77
0.78
0.7785
0.7695
0.7665
0.7555
0.771
0.769
0.764
0.776
0.7595
0.767
0.777
0.7735
0.765
0.7685
0.7535
0.7645
0.7665
0.7685
0.777
0.769
0.7665
0.774
0.774
0.77
0.7645
