0.14
0.152
0.1445
0.1465
0.1345
0.1375
0.1295
0.136
0.122
0.274
0.3955
0.412
0.422
0.4365
0.4515
0.463
0.489
0.4925
0.503
0.5075
0.532
0.537
0.5515
0.5735
0.585
0.6025
0.6
0.5955
0.6105
0.6135
0.6355
0.6345
0.64
0.647
0.6455
0.6495
0.6475
0.6555
0.665
0.6625
0.6695
0.6705
0.6835
0.6835
0.688
0.696
0.697
0.695
0.697
0.6945
0.6975
0.693
0.705
0.698
0.6995
0.695
0.7
0.703
0.7005
0.6995
0.702
0.7015
0.706
0.7065
0.705
0.7075
0.71
0.7135
0.7075
0.71
0.712
0.713
0.712
0.716
0.719
0.722
0.726
0.7205
0.7195
0.711
0.7125
0.7205
0.7185
0.717
0.7175
0.7175
0.722
0.7255
0.725
0.731
0.7285
0.7215
0.723
0.715
0.719
0.723
0.724
0.725
0.722
0.724
0.725
0.7195
0.724
0.725
0.726
0.7195
0.731
0.727
0.7235
0.724
0.7295
0.7255
0.7325
0.7365
0.735
0.736
0.7335
0.7385
0.7375
0.7395
0.7385
0.7325
0.736
0.731
0.733
0.7315
0.73
0.727
0.723
0.725
0.7235
0.728
0.728
0.7275
0.724
0.733
0.7285
0.731
0.7275
0.729
0.7325
0.7335
0.731
0.728
0.727
0.7275
0.729
0.731
0.729
0.7285
0.7275
0.7315
0.7345
0.729
0.7285
0.7305
0.7365
0.7395
0.7435
0.7425
0.7445
0.7455
0.745
0.743
0.744
0.7415
0.7395
0.7365
0.7345
0.7335
0.732
0.7375
0.7375
0.74
0.738
0.733
0.7305
0.734
0.736
0.735
0.733
0.7325
0.73
0.7325
0.7335
0.7335
0.731
0.7305
0.7315
0.731
0.7365
0.7325
0.7345
0.74
0.743
0.739
0.7355
0.74
0.745
0.741
0.7425
0.738
0.7415
0.7405
0.74
0.74
0.7375
0.736
0.731
0.7315
0.7305
0.73
0.7275
0.727
0.7275
0.7235
0.721
0.7255
0.7285
0.73
0.7345
0.7335
0.735
0.7305
0.7335
0.736
0.731
0.737
0.7375
0.7405
0.7385
0.736
0.7315
0.737
0.7405
0.74
0.7455
0.743
0.7405
0.736
0.734
0.7315
0.7355
0.735
0.7355
0.735
0.7325
0.743
0.7415
0.7365
0.7325
0.7325
0.7315
0.73
0.727
0.7305
0.7325
0.732
0.734
0.732
0.7285
0.728
0.731
0.735
0.735
0.7375
0.739
0.739
0.736
0.7315
0.7255
0.73
0.7285
0.7255
0.723
0.726
0.727
0.7285
0.7285
0.7245
0.7265
0.7245
0.72
0.7225
0.725
0.726
0.7285
0.728
0.7265
0.723
0.73
0.723
0.721
0.7255
0.7235
0.727
0.723
0.7205
0.722
0.728
0.73
0.73
0.731
0.7345
0.7315
0.7345
0.735
0.734
0.7365
0.7335
0.733
0.732
0.7235
0.727
0.731
0.731
0.7255
0.724
0.728
0.7275
0.7355
0.738
0.7375
0.739
0.7355
0.736
0.7385
0.742
0.7445
0.739
0.739
0.741
0.74
0.7405
0.739
0.7405
0.736
0.733
0.7355
0.7355
0.736
0.7385
0.7395
0.739
0.738
0.7375
0.741
0.7345
0.7345
0.7335
0.7345
0.7305
0.732
0.726
0.726
0.726
0.7245
0.7285
0.728
0.724
0.7245
0.724
0.724
0.724
0.726
0.7305
0.7305
0.7295
0.7265
0.726
0.7235
0.727
0.727
0.7295
0.7305
0.733
0.7325
0.732
0.7335
0.7315
0.7345
0.7375
0.7315
0.7275
0.7275
0.7265
0.731
0.7275
0.726
0.729
0.7275
0.7295
0.726
0.725
0.727
0.7275
0.7245
0.7235
0.728
0.7275
0.7315
0.733
0.735
0.7365
0.7365
0.7345
0.7315
0.7325
0.7335
0.729
0.7305
0.735
0.739
0.7395
0.7385
0.7435
0.7385
0.7415
0.7425
0.7415
0.7415
0.7425
0.7425
0.7385
0.7335
0.738
0.7405
0.742
0.7385
0.74
0.7395
0.7375
0.74
0.742
0.7415
0.7415
0.743
0.7405
0.7445
0.746
0.7435
0.7455
0.7465
0.7455
0.7405
0.7455
0.7495
0.7485
0.7495
0.7465
0.754
0.749
0.749
0.75
0.7455
0.746
0.751
0.7485
0.746
0.749
0.751
0.749
0.7485
0.747
0.751
0.7505
0.749
0.7565
0.756
0.7615
0.7585
0.7565
0.7555
0.755
0.7545
0.757
0.76
0.76
0.76
0.761
0.7635
0.766
0.7605
0.76
0.7605
0.7615
0.759
0.7625
0.764
0.762
0.764
0.768
0.762
0.761
0.76
0.7595
0.7605
0.761
0.761
0.763
0.7615
0.76
0.7585
0.759
0.758
0.758
0.758
0.754
0.752
0.755
0.758
0.758
0.7525
0.755
0.7565
0.7555
0.757
0.7565
0.7585
0.754
0.76
0.76
0.7565
0.756
0.758
0.758
0.76
0.758
0.7645
0.765
0.765
0.764
0.762
0.762
0.7615
0.7585
0.758
0.7575
0.7565
0.7605
0.7615
0.7595
0.7565
0.754
0.76
0.761
0.762
0.764
0.76
0.7585
0.7605
0.7615
0.7595
0.7605
0.759
0.7605
0.7625
0.762
0.759
0.7615
0.763
0.764
0.761
0.7635
0.766
0.761
0.76
0.76
0.758
0.759
0.756
0.7585
0.7565
0.7575
0.7555
0.7565
0.7575
0.7585
0.7595
0.7605
0.763
0.7575
0.7635
0.7585
0.7655
0.7605
0.7635
0.76
0.759
0.7615
0.76
0.76
0.759
0.766
0.764
0.7635
0.7625
0.762
0.7615
0.759
0.761
0.757
0.763
0.76
0.7645
0.7645
0.7615
0.763
0.7655
0.7665
0.767
0.766
0.7635
0.764
0.761
0.765
0.765
0.767
0.767
0.7675
0.769
0.771
0.7715
0.7695
0.769
0.7675
0.771
0.7695
0.769
0.7675
0.768
0.7655
0.7725
0.773
0.771
0.77
0.7725
0.773
0.7775
0.7775
0.7735
0.7775
0.7765
0.7755
0.776
0.776
0.778
0.778
0.7785
0.776
0.7725
0.776
0.7755
0.7745
0.7745
0.774
0.775
0.772
0.7755
0.775
0.777
0.777
0.7755
0.777
0.7735
0.7735
0.775
0.7695
0.7655
0.7665
0.7625
0.7645
0.7645
0.7645
0.761
0.765
0.762
0.7645
0.765
0.765
0.763
0.762
0.764
0.762
0.7635
0.7655
0.764
0.7645
0.764
0.7665
0.7705
0.768
0.7705
0.7715
0.7755
0.7755
0.776
0.778
0.7755
0.774
0.7755
0.773
0.7735
0.774
0.7785
0.7725
0.775
0.7775
0.7795
0.778
0.7765
0.776
0.777
0.7775
0.774
0.772
0.773
0.7745
0.774
0.777
0.778
0.778
0.7775
0.778
0.7805
0.7855
0.7855
0.784
0.783
0.7855
0.787
0.79
0.7865
0.7875
0.786
0.7845
0.788
0.783
0.7845
0.7835
0.7825
0.7855
0.784
0.7865
0.7805
0.7805
0.7825
0.784
0.7825
0.784
0.783
0.783
0.784
0.7835
0.7875
0.7825
0.7845
0.7825
0.784
0.7885
0.7865
0.7845
0.786
0.7855
0.786
0.787
0.7845
0.7835
0.781
0.779
0.781
0.7805
0.7835
0.785
0.784
0.7825
0.7835
0.783
0.7865
0.7855
0.788
0.7845
0.786
0.788
0.786
0.785
0.7845
0.784
0.7865
0.7865
0.785
0.7865
0.7865
0.788
0.7865
0.79
0.789
0.789
0.789
0.788
0.7855
0.784
0.785
0.782
0.7825
0.781
0.7785
0.782
0.7835
0.781
0.781
0.7805
0.782
0.784
0.7815
0.7795
0.781
0.783
0.7815
0.7815
0.7825
0.7785
0.776
0.7785
0.777
0.779
0.7785
0.7805
0.781
0.7855
0.786
0.785
0.7865
0.787
0.7885
0.788
0.786
0.786
0.7875
0.7905
0.79
0.7895
0.7885
0.7875
0.788
0.7885
0.79
0.7915
0.789
0.786
0.7875
0.7895
0.7835
0.7845
0.789
0.788
0.7855
0.7875
0.785
0.7865
0.7875
0.787
0.7855
0.7895
0.7875
0.789
0.788
0.786
0.7845
0.786
0.787
0.786
0.79
0.791
0.791
0.7905
0.789
0.7895
0.7925
0.794
0.7955
0.7915
0.7905
0.787
0.789
0.787
0.7865
0.7855
0.7835
0.784
0.784
0.785
0.7845
0.7835
0.7835
0.7835
0.7815
0.781
0.783
0.7875
0.7845
0.783
0.784
0.781
0.783
0.7835
0.7825
0.782
0.782
0.7815
0.785
0.786
0.7825
0.7845
0.782
0.782
0.782
0.7825
0.786
0.789
0.7875
0.788
0.788
0.785
0.7845
0.7835
0.779
0.7795
0.7825
0.782
0.782
0.7835
0.782
0.785
0.7855
0.7865
0.7855
0.784
0.7865
0.7845
0.7845
0.785
0.787
0.787
0.784
0.783
0.784
0.7835
0.7855
0.786
0.7845
0.7855
0.7815
0.783
0.7815
0.782
0.785
0.786
0.7815
0.7845
0.7825
0.7825
0.78
0.7815
0.782
0.7815
0.781
0.784
0.782
0.7805
0.782
0.783
0.783
0.784
0.7845
0.785
0.7835
0.784
0.783
0.785
0.7835
0.7825
0.781
0.7815
0.7815
0.7795
0.782
0.782
0.784
0.789
0.7865
0.7885
0.788
0.788
0.785
0.7865
0.7905
0.789
0.7875
0.788
