0.102
0.1045
0.0935
0.1145
0.1065
0.0905
0.096
0.1015
0.1015
0.431
0.2665
0.189
0.1125
0.0915
0.087
0.087
0.1025
0.1135
0.1415
0.1885
0.1965
0.1865
0.1605
0.173
0.153
0.1525
0.15
0.1575
0.16
0.14
0.164
0.1615
0.161
0.1655
0.1675
0.1705
0.1875
0.1635
0.158
0.1615
0.167
0.188
0.1795
0.1875
0.179
0.1715
0.187
0.1755
0.1715
0.172
0.1845
0.1945
0.1715
0.183
0.197
0.1985
0.2105
0.1925
0.1975
0.225
0.2065
0.198
0.1945
0.1935
0.2125
0.211
0.217
0.2065
0.2135
0.2325
0.2105
0.2365
0.23
0.2325
0.2265
0.237
0.2475
0.238
0.2325
0.2325
0.229
0.24
0.233
0.2445
0.2425
0.24
0.2585
0.283
0.2855
0.277
0.2645
0.278
0.2695
0.275
0.259
0.278
0.2845
0.295
0.2725
0.2865
0.2995
0.3145
0.298
0.308
0.3015
0.3055
0.3065
0.31
0.3055
0.3255
0.3145
0.314
0.3225
0.33
0.3315
0.343
0.3475
0.3475
0.3645
0.358
0.3505
0.358
0.371
0.3645
0.3745
0.3965
0.383
0.373
0.3915
0.385
0.3975
0.4055
0.412
0.409
0.42
0.4185
0.409
0.399
0.4055
0.4105
0.4275
0.4305
0.429
0.4395
0.437
0.4355
0.439
0.4405
0.4505
0.4555
0.4665
0.4745
0.4765
0.481
0.4815
0.4785
0.473
0.476
0.494
0.496
0.4885
0.487
0.5005
0.493
0.492
0.5075
0.515
0.516
0.525
0.5155
0.5165
0.5295
0.548
0.546
0.5365
0.541
0.5475
0.5575
0.557
0.5525
0.555
0.553
0.5565
0.5515
0.5505
0.565
0.5675
0.5735
0.5745
0.5745
0.5735
0.577
0.5835
0.598
0.608
0.6065
0.6055
0.6075
0.6065
0.614
0.622
0.621
0.619
0.6225
0.623
0.617
0.6235
0.628
0.6185
0.6135
0.6205
0.619
0.627
0.6305
0.6415
0.6395
0.645
0.6535
0.655
0.648
0.6535
0.648
0.6475
0.655
0.655
0.6475
0.65
0.646
0.6575
0.656
0.666
0.664
0.667
0.671
0.677
0.6735
0.6755
0.6755
0.678
0.6815
0.6765
0.676
0.6815
0.674
0.6845
0.6855
0.6915
0.6875
0.6875
0.6965
0.702
0.6995
0.6975
0.703
0.706
0.7125
0.709
0.7155
0.706
0.705
0.7115
0.7155
0.714
0.7165
0.712
0.714
0.725
0.7265
0.723
0.7285
0.7195
0.718
0.725
0.7265
0.73
0.7345
0.728
0.7305
0.7285
0.724
0.731
0.7345
0.736
0.731
0.733
0.7335
0.733
0.7365
0.7425
0.7385
0.7415
0.7395
0.743
0.747
0.7485
0.7465
0.7465
0.7475
0.748
0.744
0.7435
0.7505
0.755
0.76
0.759
0.7645
0.765
0.763
0.7545
0.7585
0.759
0.758
0.752
0.76
0.755
0.7605
0.7585
0.7575
0.762
0.764
0.765
0.767
0.7665
0.7635
0.764
0.7575
0.7575
0.7575
0.769
0.7775
0.771
0.7685
0.768
0.7685
0.7735
0.7735
0.766
0.766
0.77
0.7715
0.771
0.771
0.7735
0.7705
0.775
0.7765
0.772
0.774
0.772
0.771
0.772
0.772
0.769
0.7725
0.779
0.778
0.777
0.7825
0.7825
0.778
0.7815
0.785
0.7915
0.7925
0.7835
0.7835
0.7895
0.7865
0.785
0.79
0.7935
0.791
0.792
0.7955
0.797
0.798
0.7995
0.7995
0.804
0.8015
0.8035
0.8025
0.802
0.7985
0.7985
0.799
0.797
0.798
0.7965
0.802
0.797
0.806
0.8025
0.801
0.8015
0.801
0.8055
0.8055
0.807
0.8075
0.8055
0.801
0.8015
0.804
0.808
0.812
0.81
0.808
0.8105
0.811
0.812
0.8095
0.811
0.8095
0.807
0.8035
0.8075
0.8055
0.8035
0.8065
0.808
0.811
0.8065
0.809
0.8115
0.8095
0.8105
0.8075
0.808
0.7995
0.8005
0.7965
0.7945
0.797
0.797
0.7985
0.794
0.798
0.801
0.804
0.803
0.8025
0.805
0.804
0.8065
0.806
0.806
0.805
0.806
0.8045
0.8015
0.8025
0.8
0.7975
0.799
0.803
0.803
0.805
0.802
0.805
0.8045
0.807
0.8055
0.805
0.8045
0.8045
0.8015
0.8025
0.8045
0.8075
0.8065
0.81
0.8095
0.8125
0.816
0.816
0.818
0.8185
0.818
0.8165
0.815
0.8135
0.8125
0.8155
0.817
0.8165
0.8165
0.8175
0.8135
0.8145
0.817
0.8145
0.8145
0.812
0.8125
0.8135
0.813
0.8135
0.815
0.8175
0.816
0.814
0.816
0.816
0.8155
0.8155
0.8125
0.814
0.818
0.821
0.817
0.8135
0.8125
0.811
0.8105
0.8125
0.813
0.816
0.814
0.811
0.8095
0.811
0.8155
0.817
0.8195
0.819
0.819
0.8165
0.818
0.817
0.816
0.8185
0.817
0.812
0.8175
0.8185
0.8195
0.8205
0.817
0.817
0.8185
0.819
0.8205
0.824
0.8215
0.821
0.824
0.821
0.8205
0.8195
0.82
0.819
0.816
0.819
0.8175
0.8175
0.821
0.8225
0.8255
0.8195
0.821
0.821
0.8225
0.819
0.8205
0.8215
0.8255
0.828
0.8255
0.824
0.826
0.827
0.8295
0.8285
0.829
0.8285
0.8285
0.8285
0.83
0.831
0.832
0.8335
0.8355
0.8345
0.834
0.834
0.8335
0.8335
0.833
0.8305
0.83
0.831
0.832
0.8325
0.8305
0.833
0.832
0.8325
0.829
0.829
0.829
0.833
0.83
0.8275
0.8285
0.829
0.833
0.8295
0.829
0.83
0.8315
0.833
0.8325
0.8335
0.836
0.8375
0.836
0.8365
0.8355
0.8355
0.8385
0.8385
0.834
0.834
0.837
0.839
0.8395
0.841
0.84
0.841
0.8415
0.838
0.839
0.8395
0.839
0.8385
0.838
0.837
0.838
0.84
0.8385
0.8395
0.8385
0.839
0.8375
0.835
0.836
0.8385
0.8395
0.84
0.838
0.839
0.842
0.8445
0.8425
0.843
0.8415
0.8425
0.845
0.8465
0.844
0.8415
0.8425
0.8405
0.8415
0.842
0.8415
0.8415
0.8435
0.8435
0.8415
0.8385
0.84
0.84
0.839
0.8415
0.8395
0.84
0.842
0.8395
0.84
0.841
0.8415
0.841
0.8385
0.8385
0.8395
0.839
0.839
0.8395
0.8375
0.836
0.8345
0.8375
0.839
0.8405
0.841
0.8395
0.8365
0.837
0.8375
0.8375
0.8405
0.8415
0.84
0.839
0.8385
0.84
0.8435
0.841
0.8425
0.8445
0.845
0.845
0.846
0.8495
0.849
0.851
0.851
0.8535
0.855
0.8525
0.852
0.854
0.8515
0.851
0.8485
0.8515
0.8515
0.8515
0.853
0.8515
0.851
0.8505
0.852
0.851
0.8505
0.849
0.8505
0.85
0.849
0.8465
0.848
0.8475
0.846
0.843
0.847
0.8455
0.845
0.847
0.847
0.847
0.8455
0.8495
0.8505
0.8505
0.851
0.8505
0.85
0.85
0.851
0.851
0.8495
0.85
0.852
0.8525
0.8495
0.8525
0.854
0.854
0.852
0.8475
0.8475
0.849
0.8495
0.8515
0.852
0.849
0.8505
0.8515
0.853
0.8545
0.8555
0.855
0.8545
0.8555
0.8555
0.8565
0.855
0.8565
0.8575
0.857
0.855
0.8575
0.855
0.855
0.852
0.851
0.8525
0.854
0.855
0.8535
0.852
0.853
0.853
0.856
0.8585
0.858
0.8575
0.8575
0.859
0.857
0.857
0.858
0.8595
0.8565
0.856
0.855
0.857
0.858
0.86
0.858
0.858
0.8595
0.8575
0.859
0.8615
0.863
0.862
0.8625
0.864
0.8615
0.8595
0.8595
0.862
0.863
0.86
0.8605
0.8605
0.86
0.8615
0.8595
0.8605
0.8615
0.861
0.862
0.8625
0.8635
0.866
0.864
0.8635
0.864
0.8615
0.862
0.859
0.8595
0.8605
0.86
0.8595
0.86
0.858
0.8585
0.8575
0.8585
0.859
0.857
0.858
0.8625
0.859
0.859
0.859
0.8595
0.862
0.8605
0.859
0.86
0.86
0.859
0.8585
0.859
0.8585
0.858
0.8585
0.858
0.8565
0.86
0.857
0.859
0.8585
0.856
0.8545
0.852
0.8545
0.8555
0.8575
0.8555
0.8565
0.8565
0.8535
0.853
0.854
0.853
0.851
0.8505
0.8525
0.853
0.854
0.8535
0.8535
0.8575
0.858
0.858
0.861
0.861
0.86
0.86
0.8595
0.8605
0.861
0.863
0.8625
0.863
0.8625
0.863
0.8605
0.86
0.858
0.8575
0.859
0.86
0.8605
0.86
0.862
0.8625
0.8605
0.86
0.86
0.8625
0.8635
0.8635
0.864
0.8615
0.864
0.865
0.864
0.865
0.8645
0.866
0.8665
0.8665
0.866
0.8665
0.8655
0.8655
0.863
0.864
0.8635
0.8615
0.863
0.863
0.863
0.863
0.8625
0.862
0.8645
0.8655
0.866
0.8655
0.862
0.8615
0.861
0.8635
0.8645
0.863
0.864
0.8635
0.863
0.8645
0.864
0.862
0.8625
0.8615
0.8595
0.8595
0.8615
0.8605
0.8625
0.862
0.8615
0.8625
0.864
0.8635
0.863
0.864
0.863
0.863
0.8645
0.861
0.862
0.861
