0.1485
0.176
0.209
0.224
0.2375
0.252
0.253
0.273
0.289
0.289
0.292
0.302
0.305
0.312
0.3155
0.324
0.3235
0.3195
0.334
0.3335
0.347
0.3525
0.3525
0.3505
0.3495
0.355
0.355
0.359
0.3595
0.3575
0.3645
0.3695
0.3665
0.369
0.377
0.371
0.3745
0.375
0.3735
0.3855
0.3835
0.3865
0.387
0.3915
0.393
0.3895
0.3935
0.4015
0.3905
0.401
0.3955
0.4
0.3975
0.4075
0.404
0.403
0.4095
0.41
0.411
0.397
0.4095
0.3995
0.4055
0.407
0.4165
0.413
0.411
0.415
0.419
0.408
0.4185
0.412
0.4245
0.4225
0.421
0.4255
0.415
0.428
0.44
0.4285
0.438
0.4345
0.4285
0.43
0.4335
0.435
0.4285
0.443
0.4325
0.4385
0.4465
0.438
0.441
0.442
0.45
0.441
0.4395
0.44
0.4435
0.454
0.4405
0.439
0.451
0.4455
0.4475
0.4495
0.4565
0.4455
0.4535
0.4535
0.4545
0.447
0.4525
0.451
0.447
0.4515
0.4545
0.458
0.4575
0.458
0.4695
0.465
0.4535
0.4585
0.4605
0.466
0.461
0.4655
0.461
0.465
0.4655
0.4665
0.4725
0.4625
0.4835
0.4815
0.4735
0.4795
0.48
0.465
0.476
0.47
0.473
0.4825
0.4805
0.479
0.483
0.4825
0.4885
0.488
0.493
0.4845
0.4865
0.4885
0.479
0.497
0.4975
0.48
0.492
0.487
0.493
0.4955
0.4915
0.4945
0.502
0.5005
0.4905
0.494
0.4985
0.489
0.491
0.5055
0.5015
0.505
0.4945
0.488
0.507
0.5045
0.502
0.504
0.506
0.506
0.516
0.516
0.513
0.5115
0.5025
0.5135
0.517
0.52
0.5265
0.5225
0.5195
0.5205
0.512
0.519
0.519
0.5295
0.525
0.523
0.529
0.5335
0.529
0.529
0.532
0.5275
0.531
0.534
0.536
0.5315
0.5345
0.5315
0.5365
0.5355
0.542
0.5355
0.536
0.5355
0.536
0.54
0.5455
0.5315
0.5395
0.5355
0.5385
0.537
0.541
0.547
0.5475
0.5355
0.5405
0.5455
0.555
0.547
0.5445
0.5435
0.551
0.543
0.5525
0.5495
0.5515
0.547
0.552
0.555
0.556
0.5475
0.5515
0.546
0.5575
0.5505
0.566
0.5525
0.566
0.5635
0.5575
0.561
0.559
0.566
0.5615
0.564
0.571
0.5695
0.56
0.566
0.5615
0.5675
0.567
0.568
0.566
0.565
0.566
0.571
0.5635
0.5715
0.563
0.5715
0.561
0.5635
0.5635
0.569
0.571
0.5755
0.567
0.575
0.576
0.568
0.5755
0.5875
0.5715
0.568
0.583
0.5745
0.573
0.588
0.5705
0.585
0.5875
0.5845
0.581
0.5875
0.583
0.5865
0.587
0.5815
0.572
0.5785
0.5775
0.5835
0.5895
0.583
0.58
0.58
0.587
0.577
0.59
0.5815
0.585
0.5975
0.589
0.597
0.5885
0.583
0.589
0.591
0.59
0.5875
0.5805
0.586
0.593
0.594
0.5955
0.5965
0.582
0.593
0.5865
0.6015
0.597
0.597
0.595
0.595
0.5935
0.6
0.6
0.592
0.5955
0.6015
0.597
0.6025
0.605
0.6115
0.6005
0.616
0.5975
0.605
0.611
0.602
0.601
0.604
0.6065
0.604
0.6035
0.602
0.615
0.606
0.608
0.607
0.611
0.608
0.61
0.6145
0.618
0.614
0.6145
0.623
0.615
0.6165
0.6245
0.624
0.619
0.6185
0.6125
0.6215
0.623
0.6145
0.627
0.6235
0.619
0.626
0.6215
0.6335
0.6285
0.6345
0.6195
0.617
0.625
0.6375
0.6255
0.63
0.6315
0.6295
0.6245
0.6225
0.6335
0.635
0.622
0.633
0.6255
0.634
0.633
0.636
0.627
0.6305
0.631
0.6365
0.6375
0.626
0.628
0.637
0.642
0.629
0.6355
0.6385
0.6385
0.637
0.637
0.639
0.635
0.6345
0.6325
0.6385
0.6345
0.6425
0.641
0.642
0.637
0.6315
0.6265
0.6425
0.6345
0.6385
0.6365
0.6315
0.6455
0.6505
0.638
0.6465
0.642
0.648
0.6395
0.642
0.6475
0.6455
0.655
0.6535
0.6435
0.658
0.6445
0.652
0.6515
0.648
0.657
0.6475
0.6505
0.648
0.649
0.657
0.6535
0.647
0.642
0.654
0.654
0.655
0.6455
0.657
0.6455
0.654
0.6485
0.649
0.6585
0.6505
0.6495
0.641
0.651
0.6475
0.656
0.6525
0.6485
0.6545
0.6395
0.645
0.659
0.6535
0.6535
0.6505
0.6515
0.655
0.653
0.657
0.6555
0.65
0.659
0.6535
0.6705
0.6555
0.6475
0.653
0.6535
0.66
0.661
0.6605
0.6545
0.6655
0.6585
0.6615
0.668
0.6495
0.66
0.6685
0.6565
0.6705
0.663
0.6645
0.661
0.665
0.68
0.666
0.6675
0.663
0.6595
0.66
0.671
0.6705
0.666
0.661
0.677
0.668
0.6615
0.6725
0.661
0.668
0.671
0.6695
0.6725
0.668
0.674
0.67
0.6665
0.679
0.671
0.671
0.66
0.6655
0.674
0.671
0.6735
0.67
0.676
0.681
0.676
0.6675
0.685
0.682
0.6755
0.6785
0.6755
0.679
0.671
0.688
0.676
0.673
0.668
0.6885
0.6785
0.6805
0.6795
0.6675
0.6725
0.679
0.6725
0.681
0.6855
0.6775
0.68
0.6705
0.674
0.6815
0.6765
0.6795
0.678
0.6765
0.6785
0.676
0.6645
0.6785
0.6845
0.669
0.686
0.672
0.6845
0.6825
0.6805
0.674
0.6845
0.6855
0.6845
0.6915
0.68
0.6825
0.6825
0.6845
0.6765
0.697
0.691
0.6885
0.684
0.694
0.682
0.683
0.683
0.695
0.697
0.69
0.692
0.6845
0.6955
0.6895
0.693
0.7005
0.7
0.677
0.703
0.6995
0.6995
0.6845
0.689
0.6965
0.6975
0.7015
0.6945
0.6985
0.7015
0.686
0.701
0.6975
0.7005
0.6935
0.701
0.7015
0.705
0.687
0.692
0.6965
0.6955
0.6935
0.7045
0.697
0.695
0.694
0.701
0.6965
0.688
0.699
0.7075
0.6935
0.695
0.703
0.703
0.6855
0.706
0.7015
0.698
0.709
0.705
0.6975
0.7
0.694
0.694
0.6945
0.698
0.694
0.7
0.703
0.6945
0.7065
0.71
0.6985
0.702
0.7065
0.7115
0.7005
0.705
0.7075
0.696
0.7155
0.7035
0.705
0.708
0.7075
0.709
0.7225
0.7085
0.702
0.715
0.702
0.71
0.7105
0.7045
0.7
0.7035
0.7045
0.709
0.703
0.7035
0.703
0.7005
0.7135
0.7065
0.7165
0.715
0.7075
0.7115
0.7195
0.7135
0.7125
0.7265
0.7115
0.6985
0.7125
0.703
0.704
0.7165
0.71
0.7045
0.713
0.714
0.702
0.7095
0.7245
0.7115
0.707
0.713
0.709
0.7155
0.717
0.711
0.7095
0.718
0.703
0.6955
0.718
0.718
0.728
0.7185
0.709
0.7245
0.7215
0.713
0.715
0.715
0.7265
0.718
0.715
0.7105
0.7125
0.7185
0.7265
0.7175
0.7255
0.7255
0.719
0.726
0.7265
0.7245
0.7165
0.7275
0.7285
0.7205
0.735
0.722
0.7215
0.719
0.719
0.7295
0.74
0.7255
0.7265
0.727
0.7255
0.7245
0.7445
0.73
0.725
0.722
0.743
0.736
0.7305
0.738
0.736
0.7195
0.7295
0.7295
0.731
0.726
0.73
0.732
0.73
0.736
0.728
0.7265
0.7275
0.7375
0.725
0.718
0.7325
0.736
0.7215
0.7315
0.72
0.7325
0.729
0.736
0.7265
0.7275
0.7375
0.729
0.7285
0.736
0.729
0.717
0.733
0.7285
0.735
0.728
0.7325
0.721
0.739
0.7315
0.737
0.7335
0.721
0.7275
0.733
0.72
0.7375
0.734
0.7355
0.734
0.735
0.736
0.7345
0.738
0.735
0.7395
0.7285
0.748
0.742
0.737
0.737
0.7495
0.749
0.737
0.744
0.7455
0.744
0.742
0.7425
0.746
0.7465
0.739
0.741
0.7465
0.7385
0.7455
0.7445
0.75
0.754
0.7415
0.7505
0.735
0.74
0.7335
0.739
0.7605
0.747
0.735
0.732
0.7515
0.7345
0.7505
0.747
0.75
0.726
0.7405
0.7495
0.755
0.752
0.748
0.752
0.748
0.7365
0.7505
0.744
0.744
0.7475
0.7515
0.75
0.7475
0.7515
0.745
0.739
0.7475
0.753
0.7425
0.7455
0.729
0.7405
0.744
0.731
0.7485
0.747
0.7435
0.7345
0.744
0.74
0.7405
0.7425
0.74
0.744
0.7385
0.75
0.7495
0.7455
0.7615
0.7495
0.758
0.7475
0.753
0.751
0.756
0.7505
0.754
0.754
0.7525
0.7525
0.744
0.742
0.748
0.747
0.7575
0.7505
0.7505
0.747
0.747
0.749
0.7535
0.7445
0.7545
0.7555
0.75
0.751
0.7585
0.7395
0.7455
0.757
0.748
0.743
0.753
0.745
0.7515
0.757
0.753
0.7455
0.745
0.741
0.7445
0.7515
0.757
0.7585
0.767
0.7575
0.759
0.7545
0.748
0.744
0.751
0.745
0.751
0.7505
0.747
0.7545
0.7525
0.758
0.7505
0.7625
0.7575
0.7615
0.7465
0.744
0.754
0.7675
