0.1415
0.1435
0.1405
0.1345
0.136
0.1415
0.1265
0.1375
0.129
0.281
0.399
0.396
0.413
0.437
0.4485
0.4505
0.4645
0.4885
0.497
0.5095
0.531
0.5375
0.5345
0.5475
0.5625
0.574
0.5815
0.6
0.608
0.61
0.611
0.6235
0.631
0.6375
0.644
0.639
0.6435
0.646
0.6465
0.653
0.6585
0.663
0.668
0.6695
0.68
0.6725
0.682
0.681
0.6875
0.6855
0.6885
0.6845
0.6805
0.683
0.684
0.6915
0.6945
0.6995
0.7
0.6965
0.705
0.7035
0.701
0.6965
0.7015
0.6985
0.702
0.701
0.7035
0.7025
0.7
0.7075
0.701
0.7035
0.7055
0.699
0.707
0.7085
0.71
0.704
0.705
0.702
0.698
0.711
0.712
0.703
0.7055
0.7055
0.7115
0.718
0.713
0.7145
0.7205
0.716
0.7155
0.716
0.7195
0.713
0.7185
0.7095
0.715
0.719
0.719
0.7155
0.7135
0.718
0.716
0.716
0.7155
0.7125
0.714
0.713
0.715
0.7095
0.71
0.711
0.714
0.7145
0.7125
0.7105
0.7165
0.7235
0.7225
0.7265
0.721
0.72
0.722
0.728
0.726
0.7285
0.731
0.7255
0.721
0.7255
0.7235
0.724
0.722
0.725
0.725
0.727
0.7295
0.724
0.722
0.7215
0.7195
0.7255
0.7275
0.7275
0.7235
0.7295
0.7325
0.7225
0.7225
0.721
0.725
0.725
0.7275
0.7305
0.7275
0.7265
0.7315
0.7255
0.724
0.724
0.7235
0.7215
0.7195
0.721
0.717
0.719
0.72
0.719
0.712
0.71
0.7085
0.714
0.718
0.713
0.713
0.7195
0.716
0.714
0.713
0.7185
0.718
0.719
0.7215
0.7225
0.7225
0.7235
0.7235
0.7185
0.724
0.72
0.724
0.725
0.721
0.722
0.723
0.722
0.7225
0.7245
0.7225
0.7195
0.7205
0.7165
0.7135
0.7125
0.7145
0.7145
0.719
0.717
0.7205
0.7195
0.7175
0.7155
0.7125
0.72
0.715
0.7105
0.715
0.717
0.7195
0.7155
0.715
0.7125
0.71
0.7095
0.715
0.719
0.7195
0.719
0.7155
0.7105
0.7155
0.722
0.7235
0.721
0.719
0.719
0.722
0.7195
0.7195
0.7205
0.7245
0.723
0.7275
0.727
0.7235
0.723
0.7205
0.7225
0.7235
0.7235
0.721
0.717
0.713
0.7175
0.7195
0.7215
0.721
0.7135
0.7185
0.725
0.7195
0.722
0.7205
0.7205
0.7215
0.7155
0.7175
0.718
0.718
0.7175
0.7225
0.715
0.7145
0.714
0.7155
0.7205
0.7195
0.7145
0.717
0.714
0.716
0.7135
0.712
0.716
0.718
0.72
0.7185
0.717
0.7205
0.719
0.716
0.715
0.71
0.7105
0.71
0.7115
0.716
0.7135
0.714
0.7115
0.709
0.716
0.713
0.7105
0.7105
0.7095
0.705
0.709
0.709
0.711
0.7115
0.708
0.7055
0.7045
0.703
0.7075
0.7115
0.707
0.709
0.715
0.714
0.7145
0.7125
0.713
0.7125
0.7115
0.7175
0.716
0.716
0.7185
0.7195
0.7175
0.7185
0.718
0.7155
0.7115
0.7125
0.713
0.7125
0.7205
0.718
0.716
0.713
0.715
0.714
0.7125
0.7085
0.708
0.714
0.714
0.7175
0.715
0.719
0.721
0.721
0.7215
0.7215
0.723
0.7235
0.726
0.725
0.723
0.7235
0.7275
0.7245
0.7195
0.7225
0.719
0.722
0.7275
0.725
0.7215
0.725
0.7255
0.7235
0.7225
0.7235
0.7245
0.7235
0.7285
0.7285
0.729
0.725
0.726
0.7285
0.73
0.7335
0.7345
0.7305
0.7265
0.726
0.731
0.7305
0.724
0.728
0.7275
0.726
0.7235
0.7285
0.724
0.7245
0.721
0.7215
0.721
0.72
0.721
0.726
0.728
0.7225
0.7195
0.7225
0.724
0.72
0.7225
0.721
0.725
0.723
0.7205
0.721
0.7185
0.7205
0.724
0.7225
0.723
0.7255
0.7265
0.7285
0.7245
0.7245
0.726
0.7275
0.733
0.735
0.7375
0.738
0.7365
0.736
0.7375
0.737
0.7435
0.7415
0.738
0.7365
0.7375
0.7375
0.7365
0.7375
0.7385
0.737
0.737
0.7365
0.737
0.742
0.742
0.7455
0.7435
0.7415
0.74
0.741
0.7425
0.7405
0.7405
0.739
0.742
0.739
0.74
0.739
0.7405
0.738
0.74
0.7455
0.7425
0.7455
0.742
0.7455
0.7405
0.7435
0.7415
0.7395
0.7375
0.7385
0.74
0.739
0.74
0.7395
0.735
0.733
0.731
0.7365
0.74
0.7325
0.731
0.73
0.7265
0.7275
0.729
0.7275
0.732
0.7315
0.7355
0.734
0.7335
0.7325
0.7305
0.731
0.7345
0.735
0.7325
0.733
0.7375
0.7385
0.7405
0.7415
0.741
0.735
0.736
0.735
0.7355
0.7375
0.738
0.7395
0.7425
0.738
0.7375
0.7375
0.74
0.739
0.744
0.7485
0.7515
0.745
0.741
0.7385
0.738
0.738
0.7345
0.7375
0.741
0.739
0.7365
0.738
0.7385
0.7405
0.738
0.741
0.741
0.7435
0.7415
0.743
0.743
0.7455
0.7445
0.7465
0.7405
0.7445
0.742
0.743
0.746
0.746
0.7465
0.7465
0.747
0.7485
0.7515
0.7485
0.743
0.7455
0.747
0.7455
0.7465
0.7485
0.7515
0.7525
0.755
0.7555
0.7565
0.757
0.758
0.7555
0.7545
0.756
0.752
0.752
0.7545
0.752
0.7555
0.7555
0.7525
0.755
0.7595
0.758
0.758
0.757
0.758
0.7575
0.76
0.7625
0.7625
0.765
0.763
0.762
0.763
0.768
0.7705
0.771
0.766
0.769
0.766
0.7655
0.765
0.7695
0.767
0.766
0.7665
0.7695
0.771
0.7735
0.7735
0.774
0.777
0.778
0.778
0.778
0.7755
0.777
0.7735
0.776
0.776
0.7765
0.775
0.7715
0.7735
0.772
0.77
0.7725
0.7755
0.7735
0.7715
0.772
0.7735
0.771
0.773
0.774
0.772
0.7735
0.7745
0.7725
0.7705
0.7685
0.7675
0.764
0.7655
0.764
0.765
0.7615
0.7595
0.759
0.757
0.7545
0.7515
0.754
0.749
0.7485
0.749
0.749
0.7505
0.751
0.7475
0.7475
0.7475
0.752
0.7475
0.752
0.7515
0.754
0.755
0.7505
0.749
0.752
0.7515
0.7505
0.7515
0.7515
0.7535
0.753
0.7545
0.7515
0.7515
0.749
0.7545
0.753
0.754
0.756
0.7525
0.7525
0.754
0.75
0.751
0.749
0.7485
0.747
0.747
0.7515
0.753
0.752
0.749
0.751
0.75
0.75
0.7515
0.7535
0.7535
0.756
0.7575
0.7555
0.758
0.7605
0.762
0.7625
0.763
0.763
0.7635
0.7545
0.754
0.7565
0.754
0.753
0.752
0.755
0.7535
0.752
0.751
0.752
0.7525
0.7545
0.7495
0.749
0.7505
0.7535
0.7515
0.755
0.756
0.7555
0.757
0.7535
0.757
0.757
0.754
0.7545
0.7555
0.7545
0.7525
0.752
0.7535
0.754
0.7545
0.7535
0.7545
0.756
0.7575
0.755
0.754
0.7545
0.754
0.7555
0.751
0.7505
0.7505
0.75
0.7475
0.7495
0.7505
0.746
0.75
0.7515
0.752
0.752
0.7505
0.749
0.7485
0.7505
0.7485
0.752
0.7525
0.752
0.753
0.752
0.7505
0.753
0.757
0.758
0.7575
0.7565
0.754
0.7565
0.7555
0.7535
0.753
0.755
0.755
0.757
0.7545
0.754
0.757
0.7545
0.756
0.7545
0.753
0.7545
0.753
0.754
0.7575
0.758
0.758
0.759
0.757
0.7595
0.762
0.761
0.759
0.759
0.761
0.7585
0.76
0.758
0.7585
0.7575
0.755
0.757
0.7585
0.759
0.758
0.759
0.7595
0.76
0.7595
0.7585
0.7595
0.7585
0.757
0.757
0.756
0.7595
0.757
0.76
0.7625
0.765
0.762
0.764
0.7635
0.766
0.7615
0.761
0.7615
0.7605
0.7585
0.7595
0.759
0.761
0.76
0.759
0.7605
0.7665
0.766
0.7655
0.7675
0.7675
0.768
0.769
0.7695
0.77
0.768
0.768
0.7685
0.7645
0.7655
0.7675
0.766
0.7655
0.764
0.765
0.765
0.766
0.766
0.7685
0.7695
0.769
0.7695
0.7695
0.768
0.768
0.7675
0.768
0.77
0.7655
0.7655
0.767
0.7655
0.7675
0.7645
0.7685
0.77
0.77
0.7695
0.7695
0.7695
0.7685
0.766
0.7685
0.7695
0.7695
0.77
0.7715
0.772
0.7685
0.7705
0.7705
0.771
0.773
0.773
0.772
0.774
0.7745
0.7725
0.7715
0.7705
0.77
0.771
0.771
0.7725
0.7705
0.772
0.77
0.771
0.7715
0.768
0.7695
0.767
0.7675
0.7695
0.7715
0.773
0.7705
0.7725
0.7705
0.7735
0.774
0.7755
0.777
0.7755
0.7745
0.776
0.7765
0.7745
0.7735
0.7745
0.776
0.775
0.7775
0.7725
0.774
0.773
0.773
0.7735
0.7745
0.7745
0.775
0.775
0.775
0.776
0.778
0.78
0.78
0.7825
0.78
0.7795
0.7805
0.7785
0.7815
0.781
0.7805
0.7805
0.783
0.784
0.7835
0.7815
0.784
0.78
0.7815
0.7835
0.782
0.7845
0.7855
0.7835
0.7835
0.784
