0.135
0.1675
0.1885
0.207
0.226
0.2365
0.254
0.26
0.2725
0.2725
0.2785
0.286
0.296
0.29
0.3045
0.3055
0.309
0.318
0.3215
0.332
0.3205
0.3255
0.333
0.341
0.34
0.3465
0.3325
0.348
0.339
0.349
0.353
0.348
0.353
0.357
0.356
0.3695
0.3615
0.3685
0.3625
0.37
0.368
0.3695
0.371
0.37
0.3725
0.377
0.3715
0.372
0.3795
0.376
0.381
0.384
0.3795
0.383
0.387
0.3885
0.385
0.388
0.3845
0.391
0.398
0.396
0.3925
0.3835
0.3935
0.3985
0.396
0.399
0.395
0.399
0.4005
0.4095
0.393
0.4025
0.4065
0.4065
0.4
0.4085
0.4065
0.414
0.41
0.413
0.4015
0.415
0.419
0.411
0.42
0.4165
0.417
0.419
0.4145
0.421
0.421
0.421
0.419
0.426
0.4185
0.4225
0.43
0.4235
0.432
0.426
0.4285
0.4295
0.438
0.428
0.432
0.4355
0.431
0.4515
0.4475
0.4295
0.443
0.44
0.44
0.4435
0.445
0.4485
0.438
0.445
0.437
0.4465
0.4495
0.4485
0.444
0.4345
0.449
0.4545
0.4395
0.444
0.4525
0.447
0.451
0.46
0.456
0.458
0.4605
0.4505
0.4585
0.446
0.4655
0.456
0.4725
0.457
0.4645
0.4605
0.466
0.47
0.4605
0.479
0.4755
0.475
0.47
0.4775
0.474
0.47
0.4665
0.469
0.4695
0.4775
0.4785
0.474
0.4775
0.477
0.4755
0.4815
0.4845
0.486
0.4815
0.474
0.487
0.4835
0.485
0.4815
0.4815
0.477
0.486
0.4895
0.483
0.486
0.5
0.4875
0.491
0.4915
0.496
0.492
0.501
0.4975
0.4925
0.497
0.4945
0.5045
0.51
0.496
0.5025
0.5025
0.4995
0.512
0.5035
0.503
0.507
0.503
0.504
0.515
0.51
0.513
0.501
0.5125
0.5095
0.5085
0.512
0.5155
0.516
0.5155
0.5165
0.514
0.513
0.509
0.5105
0.5155
0.507
0.5155
0.511
0.51
0.5225
0.515
0.515
0.5115
0.5055
0.5175
0.5095
0.521
0.525
0.5175
0.52
0.526
0.514
0.5235
0.519
0.536
0.5195
0.533
0.528
0.5305
0.5355
0.5295
0.5355
0.529
0.531
0.537
0.529
0.5235
0.5315
0.5415
0.5375
0.535
0.5235
0.5455
0.5305
0.546
0.5305
0.543
0.541
0.542
0.5425
0.5385
0.529
0.547
0.5375
0.5415
0.5475
0.5525
0.5475
0.538
0.537
0.5445
0.547
0.5435
0.542
0.5555
0.542
0.5535
0.549
0.557
0.56
0.5535
0.5525
0.5505
0.543
0.551
0.547
0.5575
0.5525
0.547
0.558
0.5485
0.552
0.559
0.5495
0.5555
0.5555
0.558
0.5615
0.559
0.5595
0.558
0.557
0.566
0.563
0.5655
0.5585
0.564
0.5795
0.565
0.5645
0.564
0.57
0.564
0.568
0.5655
0.568
0.573
0.57
0.573
0.578
0.5715
0.566
0.57
0.576
0.578
0.5635
0.569
0.5835
0.584
0.587
0.5815
0.576
0.575
0.5825
0.5865
0.598
0.5715
0.5865
0.584
0.586
0.5905
0.582
0.589
0.577
0.5795
0.5775
0.584
0.58
0.5865
0.5905
0.5865
0.586
0.584
0.5925
0.594
0.5935
0.5945
0.587
0.584
0.5885
0.5915
0.5855
0.595
0.5905
0.599
0.5885
0.598
0.604
0.5895
0.5825
0.591
0.5935
0.593
0.5965
0.584
0.596
0.6
0.606
0.6015
0.608
0.595
0.5975
0.5915
0.596
0.5995
0.596
0.6025
0.604
0.603
0.596
0.6
0.5995
0.6055
0.599
0.606
0.606
0.6005
0.6045
0.5905
0.605
0.609
0.607
0.602
0.605
0.603
0.6115
0.607
0.605
0.613
0.622
0.611
0.6165
0.61
0.6055
0.6105
0.6115
0.62
0.615
0.612
0.615
0.6055
0.618
0.608
0.608
0.627
0.6175
0.619
0.624
0.633
0.6215
0.631
0.6145
0.6185
0.6245
0.6295
0.6305
0.6255
0.6195
0.631
0.6285
0.6235
0.6245
0.624
0.631
0.6205
0.609
0.6385
0.624
0.6215
0.6255
0.6295
0.6275
0.6335
0.6305
0.6385
0.635
0.641
0.6415
0.636
0.64
0.6395
0.636
0.646
0.6325
0.641
0.6375
0.635
0.643
0.6505
0.6415
0.6355
0.637
0.642
0.6385
0.648
0.6395
0.639
0.6365
0.6375
0.6485
0.639
0.6535
0.644
0.6485
0.644
0.641
0.641
0.646
0.648
0.6515
0.6435
0.6395
0.643
0.639
0.647
0.647
0.646
0.6455
0.6525
0.6515
0.6435
0.644
0.654
0.649
0.6515
0.646
0.65
0.64
0.652
0.6545
0.6445
0.6445
0.6445
0.6615
0.651
0.6595
0.6515
0.6445
0.6515
0.657
0.6515
0.661
0.639
0.656
0.6575
0.6465
0.65
0.6595
0.6565
0.64
0.6505
0.6485
0.648
0.653
0.656
0.6665
0.6605
0.665
0.6575
0.6585
0.658
0.6535
0.659
0.663
0.6675
0.666
0.653
0.6715
0.6565
0.6625
0.671
0.673
0.6665
0.662
0.665
0.6715
0.6725
0.6665
0.671
0.666
0.6665
0.6675
0.6645
0.67
0.663
0.655
0.6655
0.6715
0.678
0.6715
0.662
0.67
0.6675
0.673
0.671
0.672
0.678
0.6745
0.66
0.676
0.671
0.668
0.679
0.671
0.669
0.6815
0.669
0.678
0.6715
0.6715
0.6695
0.6705
0.6765
0.6775
0.6675
0.683
0.671
0.668
0.6795
0.677
0.6825
0.685
0.679
0.678
0.6765
0.686
0.6845
0.681
0.685
0.684
0.689
0.6845
0.69
0.6775
0.6725
0.6785
0.686
0.6885
0.678
0.685
0.6895
0.6795
0.6875
0.6885
0.689
0.685
0.6925
0.6945
0.6915
0.701
0.6925
0.694
0.6965
0.689
0.697
0.7
0.6875
0.7045
0.702
0.706
0.709
0.694
0.704
0.706
0.7005
0.7
0.691
0.6955
0.7
0.706
0.6935
0.697
0.7005
0.698
0.695
0.7025
0.7045
0.7055
0.704
0.706
0.714
0.702
0.702
0.7065
0.7095
0.704
0.7085
0.699
0.7
0.6915
0.707
0.7105
0.7065
0.701
0.715
0.703
0.707
0.7015
0.7075
0.717
0.7115
0.706
0.706
0.702
0.712
0.712
0.705
0.701
0.7205
0.709
0.7025
0.7125
0.7125
0.7135
0.7005
0.7025
0.7105
0.71
0.7125
0.7
0.7135
0.7195
0.707
0.698
0.707
0.704
0.707
0.7125
0.704
0.705
0.707
0.719
0.693
0.702
0.713
0.7155
0.703
0.7065
0.7125
0.713
0.704
0.7165
0.721
0.709
0.7125
0.707
0.7145
0.715
0.719
0.723
0.7155
0.7035
0.7105
0.7065
0.7135
0.7115
0.7145
0.714
0.707
0.7175
0.7125
0.7165
0.705
0.7175
0.7125
0.7055
0.7085
0.714
0.7125
0.7105
0.7175
0.7095
0.7045
0.708
0.7075
0.7145
0.7185
0.721
0.715
0.7175
0.7155
0.72
0.7255
0.724
0.7115
0.7135
0.7225
0.711
0.7235
0.714
0.7185
0.7255
0.717
0.718
0.723
0.724
0.7175
0.7175
0.7125
0.717
0.7205
0.716
0.724
0.7215
0.7225
0.719
0.717
0.7275
0.7315
0.719
0.729
0.72
0.7125
0.7105
0.7225
0.728
0.7245
0.728
0.731
0.7255
0.725
0.73
0.7165
0.7245
0.727
0.719
0.716
0.721
0.731
0.726
0.7275
0.725
0.725
0.7245
0.7305
0.73
0.7205
0.7325
0.7235
0.716
0.737
0.735
0.7205
0.7325
0.7325
0.7375
0.736
0.7195
0.716
0.7235
0.7135
0.7305
0.7265
0.7225
0.7385
0.7255
0.7305
0.726
0.716
0.7325
0.7355
0.7325
0.7345
0.729
0.7375
0.719
0.7285
0.7395
0.7325
0.7235
0.721
0.739
0.727
0.726
0.727
0.7355
0.731
0.7485
0.7365
0.7395
0.7385
0.7395
0.74
0.737
0.7305
0.7395
0.739
0.7275
0.726
0.742
0.734
0.7245
0.74
0.7245
0.725
0.7295
0.732
0.7325
0.739
0.733
0.7355
0.736
0.7275
0.7355
0.736
0.7255
0.7345
0.736
0.7315
0.737
0.7315
0.7415
0.7255
0.7305
0.7305
0.732
0.7255
0.7465
0.731
0.736
0.7255
0.7345
0.732
0.7375
0.74
0.729
0.7315
0.7365
0.735
0.734
0.7365
0.722
0.735
0.732
0.742
0.731
0.7425
0.7305
0.7345
0.743
0.7335
0.7305
0.74
0.737
0.7395
0.7335
0.7285
0.7365
0.739
0.731
0.741
0.736
0.732
0.741
0.7345
0.7375
0.7435
0.735
0.7325
0.7385
0.747
0.73
0.737
0.7415
0.741
0.74
0.746
0.746
0.738
0.751
0.742
0.7435
0.744
0.7505
0.734
0.7435
0.737
0.744
0.736
0.741
0.7535
0.743
0.738
0.7325
0.7445
0.7385
0.7305
0.7425
0.749
0.7475
0.7475
0.736
0.746
0.7445
0.7365
0.746
0.7355
0.737
0.7475
0.738
0.7365
0.741
0.737
0.742
0.746
0.747
0.754
0.7435
0.7525
0.7485
0.7485
0.755
0.7465
0.7485
0.74
