0.145
0.1575
0.135
0.1365
0.127
0.135
0.137
0.12
0.1285
0.2785
0.3865
0.421
0.4275
0.432
0.446
0.462
0.4755
0.485
0.4985
0.5135
0.526
0.5405
0.5545
0.566
0.571
0.5875
0.588
0.5915
0.591
0.5995
0.605
0.614
0.6215
0.626
0.6265
0.631
0.636
0.642
0.652
0.6515
0.656
0.66
0.665
0.669
0.668
0.67
0.6765
0.687
0.687
0.683
0.686
0.688
0.6855
0.6825
0.692
0.6825
0.6835
0.697
0.693
0.6915
0.6955
0.694
0.695
0.6935
0.6955
0.694
0.701
0.7
0.7015
0.7095
0.6995
0.702
0.696
0.705
0.7025
0.699
0.702
0.699
0.7035
0.709
0.7115
0.715
0.7135
0.7095
0.7145
0.7205
0.714
0.7125
0.709
0.7095
0.7115
0.7105
0.7055
0.702
0.7045
0.7035
0.711
0.707
0.7045
0.705
0.7025
0.7005
0.704
0.696
0.695
0.697
0.6965
0.7005
0.705
0.7005
0.7005
0.692
0.7
0.7005
0.7055
0.703
0.703
0.7035
0.6995
0.699
0.708
0.7055
0.706
0.7
0.703
0.703
0.7045
0.7005
0.6975
0.703
0.6995
0.703
0.6995
0.697
0.7
0.699
0.7
0.7055
0.704
0.709
0.7105
0.7125
0.7065
0.712
0.714
0.708
0.709
0.704
0.7095
0.708
0.715
0.71
0.711
0.712
0.7145
0.711
0.7125
0.7125
0.7135
0.7165
0.7145
0.714
0.712
0.708
0.706
0.7055
0.71
0.712
0.7115
0.7095
0.7075
0.708
0.708
0.7095
0.7035
0.7075
0.6995
0.704
0.699
0.711
0.7155
0.7085
0.7065
0.7055
0.7095
0.7065
0.7015
0.7005
0.704
0.7055
0.7015
0.7045
0.71
0.7085
0.7115
0.712
0.7135
0.7195
0.718
0.72
0.728
0.73
0.7295
0.723
0.7315
0.725
0.7215
0.7215
0.7255
0.7235
0.7225
0.72
0.7195
0.7195
0.72
0.7195
0.7285
0.723
0.7215
0.7215
0.723
0.72
0.7195
0.7155
0.7175
0.7245
0.72
0.723
0.727
0.724
0.724
0.725
0.7255
0.723
0.7195
0.7195
0.721
0.7215
0.7215
0.7215
0.726
0.7235
0.724
0.724
0.7225
0.7225
0.725
0.724
0.7295
0.7255
0.7215
0.72
0.7195
0.721
0.7255
0.72
0.717
0.717
0.7185
0.716
0.7205
0.714
0.714
0.7185
0.717
0.7185
0.7195
0.7165
0.722
0.7245
0.7215
0.72
0.725
0.7205
0.719
0.7175
0.7245
0.718
0.717
0.7205
0.727
0.7215
0.7225
0.7265
0.728
0.7255
0.724
0.7275
0.7245
0.726
0.7265
0.7255
0.7275
0.731
0.729
0.7275
0.728
0.7235
0.728
0.726
0.728
0.725
0.7265
0.726
0.7225
0.724
0.718
0.7165
0.7215
0.7175
0.7155
0.7135
0.717
0.7125
0.7125
0.711
0.7115
0.7145
0.718
0.7135
0.713
0.721
0.716
0.712
0.715
0.7165
0.717
0.718
0.719
0.7125
0.714
0.7175
0.7185
0.719
0.7225
0.7275
0.7285
0.7315
0.727
0.727
0.7285
0.7315
0.7295
0.73
0.7295
0.73
0.733
0.7315
0.734
0.731
0.736
0.733
0.7265
0.73
0.727
0.732
0.726
0.728
0.726
0.7255
0.723
0.729
0.7345
0.7335
0.733
0.731
0.736
0.7335
0.734
0.732
0.7315
0.731
0.7315
0.735
0.738
0.7355
0.741
0.741
0.7365
0.739
0.7355
0.737
0.742
0.743
0.739
0.736
0.7365
0.736
0.7355
0.7365
0.7385
0.741
0.7365
0.7405
0.745
0.7455
0.744
0.745
0.7425
0.743
0.743
0.74
0.7405
0.7385
0.7355
0.738
0.734
0.7385
0.7375
0.737
0.7355
0.7365
0.732
0.734
0.7315
0.7295
0.728
0.7265
0.7295
0.7295
0.7315
0.728
0.7295
0.736
0.737
0.7355
0.7365
0.7385
0.7405
0.7405
0.7425
0.741
0.742
0.7415
0.7415
0.743
0.7425
0.7425
0.7405
0.7385
0.7425
0.7395
0.7405
0.741
0.74
0.743
0.744
0.745
0.7465
0.7445
0.742
0.7445
0.741
0.744
0.744
0.7455
0.749
0.753
0.7515
0.752
0.7505
0.749
0.749
0.7505
0.7515
0.755
0.7505
0.7505
0.751
0.7525
0.748
0.749
0.7455
0.749
0.747
0.753
0.753
0.7495
0.752
0.752
0.7525
0.7505
0.7555
0.7575
0.752
0.7535
0.7545
0.756
0.757
0.7575
0.756
0.756
0.7515
0.7575
0.7535
0.7515
0.751
0.749
0.747
0.748
0.7515
0.749
0.748
0.7425
0.746
0.746
0.751
0.752
0.7505
0.7485
0.7465
0.748
0.7445
0.7445
0.7425
0.7445
0.7415
0.744
0.746
0.7495
0.746
0.747
0.749
0.7455
0.7455
0.745
0.75
0.75
0.7545
0.7525
0.7495
0.751
0.7485
0.7485
0.751
0.7495
0.748
0.7515
0.753
0.75
0.7525
0.754
0.7515
0.756
0.7515
0.7515
0.752
0.749
0.7475
0.75
0.747
0.7475
0.7505
0.752
0.752
0.755
0.7555
0.759
0.7575
0.7545
0.758
0.7575
0.756
0.761
0.761
0.7605
0.7615
0.762
0.7605
0.765
0.764
0.764
0.767
0.766
0.765
0.761
0.7615
0.7585
0.759
0.7605
0.7615
0.76
0.7605
0.762
0.7605
0.7605
0.7635
0.7665
0.764
0.767
0.7635
0.767
0.768
0.7695
0.7705
0.768
0.7695
0.769
0.7675
0.768
0.7675
0.768
0.7705
0.7675
0.7675
0.766
0.765
0.765
0.7715
0.765
0.766
0.769
0.7675
0.766
0.764
0.766
0.7645
0.7655
0.7645
0.764
0.764
0.7625
0.762
0.7635
0.765
0.7705
0.769
0.77
0.772
0.772
0.775
0.7745
0.775
0.7735
0.771
0.768
0.767
0.767
0.7685
0.768
0.769
0.771
0.7675
0.7665
0.7645
0.7665
0.767
0.764
0.7665
0.7675
0.767
0.7705
0.771
0.768
0.7695
0.7715
0.773
0.7705
0.772
0.7705
0.768
0.769
0.769
0.772
0.767
0.766
0.7695
0.768
0.77
0.7665
0.7685
0.773
0.7695
0.77
0.7685
0.772
0.773
0.7705
0.7685
0.769
0.7675
0.769
0.769
0.7695
0.7705
0.77
0.767
0.768
0.7705
0.7695
0.7695
0.7655
0.769
0.7685
0.765
0.7655
0.767
0.77
0.765
0.7695
0.7675
0.769
0.772
0.772
0.7675
0.7675
0.766
0.769
0.77
0.772
0.7735
0.773
0.771
0.771
0.769
0.773
0.7745
0.7725
0.7725
0.7725
0.7735
0.776
0.7745
0.776
0.777
0.7755
0.774
0.778
0.778
0.78
0.7755
0.778
0.7785
0.779
0.777
0.776
0.778
0.779
0.7745
0.7735
0.7745
0.7725
0.772
0.773
0.7735
0.7685
0.771
0.7705
0.7685
0.768
0.769
0.771
0.768
0.7675
0.77
0.769
0.7705
0.7705
0.7725
0.7685
0.7705
0.772
0.773
0.7715
0.772
0.775
0.772
0.7745
0.7725
0.7685
0.7675
0.7665
0.765
0.769
0.7725
0.7765
0.7755
0.774
0.7755
0.7765
0.7765
0.777
0.775
0.775
0.776
0.773
0.7745
0.775
0.7775
0.7785
0.7775
0.7755
0.7755
0.7755
0.776
0.775
0.7745
0.7745
0.775
0.7755
0.7755
0.7765
0.7775
0.7745
0.776
0.7765
0.777
0.7755
0.775
0.7805
0.7785
0.7785
0.7745
0.7745
0.7745
0.7755
0.776
0.775
0.7785
0.7785
0.7775
0.777
0.775
0.7775
0.7785
0.78
0.779
0.778
0.778
0.776
0.7765
0.777
0.7785
0.7805
0.778
0.778
0.774
0.7755
0.775
0.775
0.776
0.7745
0.7735
0.7755
0.773
0.7775
0.7755
0.7765
0.772
0.774
0.7735
0.7715
0.775
0.771
0.7695
0.7725
0.772
0.773
0.7735
0.7735
0.7755
0.772
0.773
0.7705
0.7685
0.7695
0.771
0.7705
0.7695
0.7705
0.7705
0.768
0.768
0.7675
0.766
0.764
0.7645
0.7655
0.7635
0.765
0.766
0.766
0.766
0.766
0.769
0.769
0.769
0.766
0.769
0.767
0.7665
0.765
0.767
0.769
0.768
0.7655
0.767
0.7665
0.768
0.7665
0.7645
0.764
0.768
0.767
0.767
0.7645
0.766
0.765
0.765
0.7645
0.762
0.7595
0.761
0.7625
0.7635
0.766
0.765
0.7635
0.763
0.7645
0.764
0.7635
0.765
0.762
0.7635
0.7655
0.7645
0.764
0.7655
0.766
0.768
0.7675
0.7665
0.765
0.7645
0.7675
0.7655
0.7635
0.7615
0.764
0.765
0.766
0.77
0.7675
0.7655
0.7675
0.77
0.768
0.769
0.7675
0.7665
0.7655
0.7665
0.768
0.768
0.7655
0.7645
0.763
0.7615
0.763
0.7635
0.765
0.7655
0.7635
0.7645
0.7635
0.761
0.761
0.7615
0.7615
0.762
0.764
0.762
0.7645
0.7625
0.7635
0.7625
0.7645
0.763
0.7645
0.764
0.769
0.766
0.7665
0.766
0.77
0.766
0.766
0.764
0.767
0.767
0.7655
0.766
0.7655
0.763
0.762
0.7635
0.764
0.7645
0.7665
